1.930347960692523202e+03 1.008740782737731934e+00
1.930368794506713584e+03 1.001518368721008301e+00
1.930389628321136115e+03 1.022020936012268066e+00
1.930410462135092985e+03 1.004395604133605957e+00
1.930431295949282685e+03 9.780432581901550293e-01
1.930452129763006724e+03 9.816974401473999023e-01
1.930472963576730535e+03 9.947996735572814941e-01
1.930493797390454574e+03 9.987372756004333496e-01
1.930514631203945783e+03 9.909057617187500000e-01
1.930535465017436309e+03 9.976341724395751953e-01
1.930556298830461174e+03 1.002161860466003418e+00
1.930577132643719551e+03 9.998587965965270996e-01
1.930597966456512268e+03 9.973075985908508301e-01
1.930618800269305439e+03 9.850440621376037598e-01
1.930639634082098837e+03 1.000784516334533691e+00
1.930660467894425892e+03 1.010427117347717285e+00
1.930681301706752947e+03 9.962896704673767090e-01
1.930702135519080002e+03 9.977202415466308594e-01
1.930722969330941396e+03 1.005387067794799805e+00
1.930743803142802562e+03 9.992002248764038086e-01
1.930764636954431126e+03 1.014564633369445801e+00
1.930785470765826176e+03 1.005478739738464355e+00
1.930806304577221226e+03 9.869127869606018066e-01
1.930827138388384128e+03 1.019667267799377441e+00
1.930847972199314199e+03 9.861996769905090332e-01
1.930868806010011440e+03 1.006320238113403320e+00
1.930889639820708453e+03 1.003123164176940918e+00
1.930910473630940032e+03 1.000156402587890625e+00
1.930931307441171612e+03 9.974122643470764160e-01
1.930952141251170360e+03 9.923469424247741699e-01
1.930972975060936278e+03 1.020271420478820801e+00
1.930993808870702196e+03 9.932135343551635742e-01
1.931014642680002225e+03 1.010469317436218262e+00
1.931035476489301800e+03 9.897715449333190918e-01
1.931056310298135713e+03 9.959024786949157715e-01
1.931077144106970309e+03 9.987379908561706543e-01
1.931097977915572073e+03 1.006678223609924316e+00
1.931118811723941008e+03 1.006747722625732422e+00
1.931139645532077793e+03 9.939979910850524902e-01
1.931160479339981748e+03 9.906424283981323242e-01
1.931181313147651963e+03 9.843890070915222168e-01
1.931202146955089574e+03 9.953012466430664062e-01
1.931222980762294355e+03 9.934545755386352539e-01
1.931243814569266306e+03 9.874774217605590820e-01
1.931264648376238256e+03 1.000202894210815430e+00
1.931285482182744317e+03 9.999852776527404785e-01
1.931306315989017094e+03 9.940283894538879395e-01
1.931327149795057039e+03 9.917694330215454102e-01
1.931347983601097667e+03 1.005418658256530762e+00
1.931368817406672633e+03 1.001035332679748535e+00
1.931389651212014769e+03 9.913398623466491699e-01
1.931410485017124074e+03 1.011308550834655762e+00
1.931431318822000321e+03 9.919639825820922852e-01
1.931452152626643965e+03 9.938907027244567871e-01
1.931472986431054778e+03 1.009966492652893066e+00
1.931493820235232761e+03 1.008492231369018555e+00
1.931514654038945082e+03 1.000484108924865723e+00
1.931535487842657403e+03 9.980903267860412598e-01
1.931556321645903381e+03 1.014084219932556152e+00
1.931577155449149132e+03 1.008343577384948730e+00
1.931597989251929448e+03 1.000950336456298828e+00
1.931618823054476934e+03 9.976944327354431152e-01
1.931639656856792271e+03 9.991258382797241211e-01
1.931660490658874778e+03 1.007622361183166504e+00
1.931681324460724454e+03 9.986133575439453125e-01
1.931702158262341072e+03 9.925465583801269531e-01
1.931722992063492256e+03 9.994216561317443848e-01
1.931743825864410610e+03 9.879354238510131836e-01
1.931764659665096133e+03 1.005653142929077148e+00
1.931785493465548825e+03 9.928111433982849121e-01
1.931806327265768005e+03 1.002700567245483398e+00
1.931827161065754126e+03 9.849714636802673340e-01
1.931847994865275496e+03 9.993838071823120117e-01
1.931868828664564035e+03 1.001959681510925293e+00
1.931889662463619743e+03 1.015867471694946289e+00
1.931910496262442621e+03 1.001496791839599609e+00
1.931931330060799837e+03 9.986572861671447754e-01
1.931952163859156826e+03 9.993820190429687500e-01
1.931972997657048381e+03 9.936711192131042480e-01
1.931993831454474275e+03 1.001374125480651855e+00
1.932014665251900169e+03 1.008689761161804199e+00
1.932035499048860402e+03 1.000470042228698730e+00
1.932056332845354973e+03 9.980648756027221680e-01
1.932077166641848862e+03 9.972183704376220703e-01
1.932098000437876181e+03 9.911234378814697266e-01
1.932118834233904408e+03 9.991911649703979492e-01
1.932139668029467657e+03 9.986228346824645996e-01
1.932160501824565245e+03 1.014351367950439453e+00
1.932181335619662832e+03 9.882916212081909180e-01
1.932202169414294758e+03 1.010440230369567871e+00
1.932223003208460796e+03 9.896791577339172363e-01
1.932243837002627060e+03 9.949438571929931641e-01
1.932264670796327664e+03 9.957785606384277344e-01
1.932285504589562606e+03 1.020969867706298828e+00
1.932306338382797549e+03 9.882448315620422363e-01
1.932327172175566147e+03 1.002368807792663574e+00
1.932348005967868858e+03 9.917146563529968262e-01
1.932368839760172477e+03 1.003547191619873047e+00
1.932389673552009754e+03 1.007967948913574219e+00
1.932410507343381369e+03 1.001511812210083008e+00
1.932431341134753666e+03 1.010974049568176270e+00
1.932452174925660302e+03 1.025255441665649414e+00
1.932473008716101049e+03 1.012852549552917480e+00
1.932493842506542023e+03 9.982209205627441406e-01
1.932514676296517337e+03 9.929502010345458984e-01
1.932535510086026989e+03 9.986523985862731934e-01
1.932556343875070979e+03 9.873343706130981445e-01
1.932577177664114288e+03 9.921941757202148438e-01
1.932598011452691026e+03 9.839092493057250977e-01
1.932618845241268673e+03 1.005100131034851074e+00
1.932639679029381341e+03 1.015542507171630859e+00
1.932660512817028348e+03 9.934418797492980957e-01
1.932681346604209693e+03 1.001286029815673828e+00
1.932702180390925378e+03 1.005669713020324707e+00
1.932723014177640835e+03 9.937242269515991211e-01
1.932743847964356519e+03 1.003445863723754883e+00
1.932764681750140880e+03 9.918388724327087402e-01
1.932785515535924560e+03 9.973232746124267578e-01
1.932806349321242578e+03 1.002285838127136230e+00
1.932827183106095617e+03 1.001729846000671387e+00
1.932848016890947974e+03 1.000090956687927246e+00
1.932868850674868781e+03 9.953676462173461914e-01
1.932889684458790498e+03 9.977454543113708496e-01
1.932910518242712214e+03 1.008567333221435547e+00
1.932931352025702608e+03 9.997085928916931152e-01
1.932952185808692093e+03 9.961300492286682129e-01
1.932973019591681805e+03 1.003054261207580566e+00
1.932993853373740876e+03 9.974469542503356934e-01
1.933014687155799948e+03 9.879404306411743164e-01
1.933035520937393358e+03 1.011596560478210449e+00
1.933056354718521106e+03 1.010412335395812988e+00
1.933077188499183194e+03 9.800666570663452148e-01
1.933098022279843690e+03 9.965195655822753906e-01
1.933118856060038752e+03 9.999122619628906250e-01
1.933139689839769517e+03 9.912232160568237305e-01
1.933160523619034620e+03 1.005860567092895508e+00
1.933181357398299724e+03 9.979237914085388184e-01
1.933202191177099166e+03 9.988229274749755859e-01
1.933223024955432948e+03 1.000098466873168945e+00
1.933243858733765819e+03 9.965243935585021973e-01
1.933264692511167596e+03 9.916915893554687500e-01
1.933285526288570054e+03 1.023550868034362793e+00
1.933306360065506851e+03 9.883342385292053223e-01
1.933327193841977987e+03 9.872038960456848145e-01
1.933348027618448441e+03 1.002344965934753418e+00
1.933368861394452324e+03 9.927861094474792480e-01
1.933389695169991455e+03 1.001898527145385742e+00
1.933410528945065607e+03 1.001695632934570312e+00
1.933431362719674098e+03 1.012540817260742188e+00
1.933452196494282589e+03 9.968546628952026367e-01
1.933473030268424509e+03 9.940351247787475586e-01
1.933493864042100995e+03 9.927121400833129883e-01
1.933514697815312502e+03 9.958921074867248535e-01
1.933535531588524009e+03 9.928822517395019531e-01
1.933556365361269854e+03 9.976185560226440430e-01
1.933577199133550039e+03 1.007901430130004883e+00
1.933598032905363880e+03 1.000054001808166504e+00
1.933618866676711150e+03 1.004349112510681152e+00
1.933639700448059330e+03 1.003180861473083496e+00
1.933660534218476869e+03 1.000362873077392578e+00
1.933681367988894408e+03 9.906935691833496094e-01
1.933702201759311038e+03 9.985468387603759766e-01
1.933723035528796572e+03 9.960374832153320312e-01
1.933743869297817128e+03 9.978262782096862793e-01
1.933764703066837683e+03 1.000330448150634766e+00
1.933785536835392577e+03 9.974523782730102539e-01
1.933806370603481128e+03 1.001550555229187012e+00
1.933868871905884589e+03 1.006796240806579590e+00
1.933889705672576156e+03 9.954798817634582520e-01
1.933910539438802061e+03 1.008844494819641113e+00
1.933952206970323232e+03 1.002685427665710449e+00
1.934014708264344790e+03 9.993925094604492188e-01
1.934056375791675691e+03 9.879891872406005859e-01
1.934077209555108084e+03 1.001604080200195312e+00
1.934098043318074360e+03 9.986929893493652344e-01
1.934118877080108632e+03 9.851143360137939453e-01
1.934160544604179222e+03 9.932430386543273926e-01
1.934368882198919664e+03 1.009055852890014648e+00
1.934410549713210685e+03 1.001384615898132324e+00
1.934514718492187285e+03 1.006052970886230469e+00
1.934556386000890825e+03 1.003035306930541992e+00
1.934577219754543876e+03 9.960583448410034180e-01
1.934618887260919337e+03 9.970971345901489258e-01
1.934639721013175404e+03 1.004477858543395996e+00
1.934743889770264559e+03 9.958565235137939453e-01
1.934827224768114093e+03 9.967262148857116699e-01
1.934910559759443231e+03 9.911230206489562988e-01
1.934973060998982419e+03 1.002897262573242188e+00
1.935035562234330655e+03 1.003071546554565430e+00
1.935056395978671162e+03 1.003163695335388184e+00
1.935077229722545326e+03 9.908756017684936523e-01
1.935118897209363013e+03 1.008204579353332520e+00
1.935202232177408177e+03 1.004010915756225586e+00
1.935223065918488373e+03 1.004011631011962891e+00
1.936139750098076547e+03 9.961475133895874023e-01
1.936181417540655048e+03 1.002017021179199219e+00
1.936202251261245920e+03 9.985470771789550781e-01
1.936223084981371358e+03 1.018582105636596680e+00
1.936243918701031134e+03 9.967305064201354980e-01
1.936264752420225250e+03 1.000751137733459473e+00
1.936285586138953704e+03 9.998320937156677246e-01
1.936306419857216952e+03 1.000071525573730469e+00
1.936327253575014083e+03 1.006075024604797363e+00
1.936348087292345554e+03 9.907990097999572754e-01
1.936368921009677024e+03 9.909546971321105957e-01
1.936389754726077172e+03 1.002686619758605957e+00
1.936410588442011658e+03 9.917570352554321289e-01
1.936431422157479574e+03 1.002177476882934570e+00
1.936452255872482738e+03 9.957420825958251953e-01
1.936473089587485902e+03 1.011453151702880859e+00
1.936493923301557743e+03 1.003480792045593262e+00
1.936514757015163696e+03 1.009806394577026367e+00
1.936535590728304214e+03 9.989263415336608887e-01
1.936556424441444733e+03 1.013336420059204102e+00
1.936577258153653929e+03 1.013155937194824219e+00
1.936598091865397464e+03 1.000974059104919434e+00
1.936618925577140772e+03 9.965623021125793457e-01
1.936639759287953666e+03 1.003231287002563477e+00
1.936660592998300217e+03 9.992440938949584961e-01
1.936681426708181107e+03 9.944547414779663086e-01
1.936702260418061314e+03 9.948977828025817871e-01
1.936723094127010199e+03 1.003469109535217285e+00
1.936743927835493878e+03 1.006896018981933594e+00
1.936764761543977784e+03 9.845268130302429199e-01
1.936785595251530367e+03 9.976400136947631836e-01
1.936806428958617289e+03 1.021229624748229980e+00
1.936827262665238550e+03 1.006480097770690918e+00
1.936848096371393922e+03 9.945376515388488770e-01
1.936868930077083860e+03 9.986941218376159668e-01
1.936889763782773798e+03 1.001263260841369629e+00
1.936910597487533096e+03 1.003036975860595703e+00
1.936931431191826050e+03 9.851949214935302734e-01
1.936952264895652434e+03 1.010606884956359863e+00
1.936973098599013383e+03 1.002229571342468262e+00
1.936993932301909354e+03 1.008808732032775879e+00
1.937014766004339663e+03 1.002693653106689453e+00
1.937035599706304311e+03 1.002607345581054688e+00
1.937056433407803297e+03 9.882855415344238281e-01
1.937077267108370734e+03 9.946894645690917969e-01
1.937098100808938398e+03 9.937815070152282715e-01
1.937118934509040400e+03 1.006992340087890625e+00
1.937139768208676742e+03 1.000651836395263672e+00
1.937160601907381761e+03 1.001227974891662598e+00
1.937181435606086552e+03 1.011224627494812012e+00
1.937202269303859566e+03 9.972046613693237305e-01
1.937223103001632580e+03 1.002506613731384277e+00
1.937243936698474954e+03 9.995766282081604004e-01
1.937264770395317328e+03 1.004749894142150879e+00
1.937285604091228151e+03 1.010166645050048828e+00
1.937306437786673541e+03 1.004952788352966309e+00
1.937327271481653270e+03 1.014149427413940430e+00
1.937348105176167337e+03 1.006785154342651367e+00
1.937368938870215743e+03 1.000956177711486816e+00
1.937389772563798260e+03 1.009026408195495605e+00
1.937410606256915344e+03 9.900019168853759766e-01
1.937431439949566766e+03 1.009919404983520508e+00
1.937452273641752527e+03 9.959990978240966797e-01
1.937473107333006283e+03 1.007490038871765137e+00
1.937493941024259811e+03 9.949191212654113770e-01
1.937514774714582927e+03 9.876179099082946777e-01
1.937535608404440381e+03 1.013626694679260254e+00
1.937556442094297836e+03 1.006562590599060059e+00
1.937577275783223286e+03 1.010035395622253418e+00
1.937598109471683756e+03 9.965315461158752441e-01
1.937618943159678338e+03 9.946996569633483887e-01
1.937639776846741825e+03 1.003715634346008301e+00
1.937660610533805311e+03 1.006709575653076172e+00
1.937681444220403137e+03 1.011599302291870117e+00
1.937702277906069639e+03 9.899050593376159668e-01
1.937723111591269799e+03 1.002051830291748047e+00
1.937743945276004069e+03 9.966610670089721680e-01
1.937764778960273588e+03 9.980819225311279297e-01
1.937785612644077446e+03 1.005679488182067871e+00
1.937806446327414960e+03 1.003820776939392090e+00
1.937827280010287495e+03 9.905215501785278320e-01
1.937848113692228480e+03 9.971737265586853027e-01
1.937868947373704032e+03 9.981790184974670410e-01
1.937889781055179583e+03 9.980370998382568359e-01
1.937910614735723811e+03 1.001415252685546875e+00
1.937931448415802379e+03 1.020427346229553223e+00
1.937952282094949396e+03 1.011156678199768066e+00
1.937973115774095959e+03 1.010592937469482422e+00
1.937993949452310517e+03 9.986495375633239746e-01
1.938014783130060778e+03 1.006998181343078613e+00
1.938035616807345150e+03 9.820889234542846680e-01
1.938056450484164088e+03 9.965396523475646973e-01
1.938077284160517365e+03 9.973169565200805664e-01
1.938098117835939320e+03 1.007951736450195312e+00
1.938118951510895613e+03 9.964557886123657227e-01
1.938139785185385563e+03 1.004802823066711426e+00
1.938160618859410306e+03 1.003898382186889648e+00
1.938181452532969615e+03 9.991542100906372070e-01
1.938202286205597602e+03 9.842360019683837891e-01
1.938223119877759927e+03 1.002784490585327148e+00
1.938243953549455682e+03 1.007816076278686523e+00
1.938264787220686003e+03 9.997817873954772949e-01
1.938285620890985001e+03 9.809664487838745117e-01
1.938306454561284681e+03 1.003581047058105469e+00
1.938327288230653039e+03 9.967108368873596191e-01
1.938348121899089847e+03 9.948161244392395020e-01
1.938368955567526882e+03 1.006236314773559570e+00
1.938389789235031913e+03 1.001510143280029297e+00
1.938410622902071964e+03 9.989171624183654785e-01
1.938431456568646354e+03 1.012626647949218750e+00
1.938452290234289421e+03 1.003793239593505859e+00
1.938473123899466600e+03 1.015348672866821289e+00
1.938493957564176981e+03 1.008009314537048340e+00
1.938514791227956721e+03 1.001424193382263184e+00
1.938535624891271482e+03 9.882752299308776855e-01
1.938556458554120582e+03 9.987990260124206543e-01
1.938577292216504020e+03 9.958947300910949707e-01
1.938598125877955226e+03 9.908731579780578613e-01
1.938618959538941681e+03 1.005425333976745605e+00
1.938639793198996813e+03 9.988451004028320312e-01
1.938660626859051035e+03 1.009782791137695312e+00
1.938681460517709183e+03 1.014508843421936035e+00
1.938702294176367332e+03 1.010027527809143066e+00
1.938723127834094157e+03 1.005888819694519043e+00
1.938743961490888978e+03 1.001874566078186035e+00
1.938764795147683117e+03 1.012329936027526855e+00
1.938785628803547070e+03 1.005457162857055664e+00
1.938806462458479928e+03 9.841175675392150879e-01
1.938827296112946442e+03 1.005951762199401855e+00
1.938848129766947977e+03 9.876551032066345215e-01
1.938868963420017963e+03 1.005086302757263184e+00
1.938889797072621832e+03 1.005916595458984375e+00
1.938910630724295061e+03 9.904066920280456543e-01
1.938931464375502628e+03 9.912822246551513672e-01
1.938952298025778873e+03 9.999727606773376465e-01
1.938973131675589457e+03 9.974276423454284668e-01
1.938993965324468036e+03 9.964841008186340332e-01
1.939014798972880726e+03 1.002788901329040527e+00
1.939035632620827982e+03 9.931893348693847656e-01
1.939056466267378255e+03 9.993332624435424805e-01
1.939077299913929210e+03 9.888761639595031738e-01
1.939098133559082953e+03 9.953727722167968750e-01
1.939118967203770580e+03 1.001779913902282715e+00
1.939139800847993229e+03 1.000002264976501465e+00
1.939160634491284554e+03 1.001080036163330078e+00
1.939181468133643875e+03 1.008697390556335449e+00
1.939202301775537990e+03 9.956406354904174805e-01
1.939223135416501009e+03 9.858412146568298340e-01
1.939243969056532023e+03 1.003460288047790527e+00
1.939264802696097377e+03 1.005032420158386230e+00
1.939285636334731180e+03 1.008176684379577637e+00
1.939306469972433888e+03 1.004382133483886719e+00
1.939327303609671617e+03 1.008240103721618652e+00
1.939348137245978023e+03 9.973292350769042969e-01
1.939368970881352425e+03 1.001059532165527344e+00
1.939389804515795504e+03 1.003329157829284668e+00
1.939410638149773376e+03 9.873098134994506836e-01
1.939431471782820154e+03 9.971754550933837891e-01
1.939452305414934926e+03 9.958642125129699707e-01
1.939473139046119059e+03 9.869932532310485840e-01
1.939493972676371641e+03 1.001198053359985352e+00
1.939514806305691764e+03 9.933022260665893555e-01
1.939535639934546907e+03 1.005554556846618652e+00
1.939556473562005749e+03 9.945408701896667480e-01
1.939577307188998248e+03 1.004989624023437500e+00
1.939598140814594217e+03 1.001510143280029297e+00
1.939618974439724752e+03 9.974304437637329102e-01
1.939639808063457622e+03 1.001598238945007324e+00
1.939660641686724830e+03 9.917852282524108887e-01
1.939681475308595736e+03 9.939742088317871094e-01
1.939702308929535093e+03 9.939403533935546875e-01
1.939723142549542672e+03 1.001560926437377930e+00
1.939743976168619611e+03 9.785982370376586914e-01
1.939764809786765227e+03 9.961737394332885742e-01
1.939785643403512495e+03 9.904395937919616699e-01
1.939806477019328440e+03 1.004591464996337891e+00
1.939827310634214200e+03 1.003403306007385254e+00
1.939848144248168865e+03 9.929746389389038086e-01
1.939868977860725863e+03 1.004687666893005371e+00
1.939889811471885878e+03 9.973232746124267578e-01
1.939910645082580913e+03 1.009842514991760254e+00
1.939931478691413076e+03 1.001822352409362793e+00
1.939952312299779123e+03 9.973580837249755859e-01
1.939973145906283207e+03 1.002963781356811523e+00
1.939993979511855969e+03 9.997370839118957520e-01
1.940014813116496725e+03 9.846135377883911133e-01
1.940035646719273927e+03 1.007576107978820801e+00
1.940056480321120716e+03 1.008984208106994629e+00
1.940077313921571204e+03 1.000750541687011719e+00
1.940098147520623797e+03 9.912685751914978027e-01
1.940118981118279635e+03 9.879471063613891602e-01
1.940139814715004832e+03 9.925739765167236328e-01
1.940160648309867383e+03 1.003030300140380859e+00
1.940181481903332269e+03 9.930769205093383789e-01
1.940202315495400171e+03 1.004771351814270020e+00
1.940223149085605883e+03 9.881384372711181641e-01
1.940243982674880499e+03 9.828639626502990723e-01
1.940264816262291788e+03 9.913416504859924316e-01
1.940285649847839750e+03 9.962870478630065918e-01
1.940306483431991410e+03 1.002903103828430176e+00
1.940327317014746541e+03 1.007850646972656250e+00
1.940348150595638572e+03 9.897646903991699219e-01
1.940368984174667958e+03 9.954494833946228027e-01
1.940389817751834698e+03 9.948182106018066406e-01
1.940410651327139249e+03 1.004722595214843750e+00
1.940431484900581381e+03 9.919555783271789551e-01
1.940452318472160187e+03 1.001320242881774902e+00
1.940473152041876347e+03 9.855756759643554688e-01
1.940493985609730544e+03 9.965227246284484863e-01
1.940535652738453109e+03 1.002769827842712402e+00
1.940556486299786684e+03 1.016679883003234863e+00
1.940577319858791952e+03 1.010751962661743164e+00
1.940598153415470051e+03 9.990227222442626953e-01
1.940618986970285732e+03 1.011853218078613281e+00
1.940639820522306763e+03 1.010802984237670898e+00
1.940660654071999488e+03 1.003678679466247559e+00
1.940681487618898245e+03 1.012796044349670410e+00
1.940702321163469378e+03 1.012299180030822754e+00
1.940723154705711977e+03 9.870443940162658691e-01
1.940743988244694492e+03 1.011253237724304199e+00
1.940764821781348701e+03 1.002763628959655762e+00
1.940785655314743281e+03 9.978265762329101562e-01
1.940806488845809554e+03 9.905250072479248047e-01
1.940827322373615971e+03 1.000031948089599609e+00
1.940848155898162986e+03 1.003830313682556152e+00
1.945827350825838039e+03 1.002011418342590332e+00
1.945848184272619619e+03 1.002642750740051270e+00
1.945869017718934856e+03 1.009412050247192383e+00
1.945889851165249866e+03 1.012563943862915039e+00
1.945910684611565785e+03 9.918983578681945801e-01
1.945931518056950381e+03 1.014414310455322266e+00
1.945952351502333613e+03 1.015887737274169922e+00
1.945973184947716618e+03 1.004663467407226562e+00
1.945994018392169892e+03 9.834823012351989746e-01
1.946014851837088827e+03 9.941048026084899902e-01
1.946035685281075757e+03 1.010649561882019043e+00
1.946056518725062460e+03 1.016276359558105469e+00
1.946077352168584412e+03 9.850963354110717773e-01
1.946098185612106363e+03 1.010227560997009277e+00
1.946119019055161743e+03 1.001088738441467285e+00
1.946139852497751690e+03 1.015550851821899414e+00
1.946160685940342319e+03 1.004050731658935547e+00
1.946181519382467286e+03 9.984725713729858398e-01
1.946202352824590662e+03 1.005048632621765137e+00
1.946223186265782942e+03 1.002276062965393066e+00
1.946244019706976587e+03 9.986214637756347656e-01
1.946264853148170232e+03 9.990811944007873535e-01
1.946285686588897306e+03 9.998366236686706543e-01
1.946306520029158946e+03 9.931480288505554199e-01
1.946327353468955607e+03 1.000743627548217773e+00
1.946348186908751586e+03 9.944591522216796875e-01
1.946369020348081676e+03 1.000427246093750000e+00
1.946389853787412676e+03 1.010737776756286621e+00
1.946410687226278014e+03 9.961726665496826172e-01
1.946431520664677009e+03 1.000000000000000000e+00
1.946452354102609434e+03 9.963986873626708984e-01
1.946473187540542767e+03 9.984830021858215332e-01
1.946494020978010440e+03 9.895250201225280762e-01
1.946514854415012451e+03 1.007257580757141113e+00
1.946535687852015144e+03 1.001556515693664551e+00
1.946556521288551949e+03 9.796956777572631836e-01
1.946577354724622637e+03 9.932584762573242188e-01
1.946598188160693326e+03 1.005181908607482910e+00
1.946619021596299035e+03 9.929897785186767578e-01
1.946639855031438174e+03 1.011021971702575684e+00
1.946660688466111878e+03 9.864910840988159180e-01
1.946681521900786265e+03 1.005971312522888184e+00
1.946702355334994309e+03 1.006723165512084961e+00
1.946723188768736009e+03 9.953099489212036133e-01
1.946744022202478163e+03 9.935694932937622070e-01
1.946764855635754884e+03 9.937614798545837402e-01
1.946785689068565944e+03 9.753629565238952637e-01
1.946806522501377685e+03 1.007579803466796875e+00
1.946827355933257195e+03 1.011346459388732910e+00
1.946848189365602593e+03 1.000193119049072266e+00
1.946869022797017351e+03 9.969924688339233398e-01
1.946889856227965765e+03 1.010635375976562500e+00
1.946910689658913952e+03 1.003274917602539062e+00
1.946931523089397388e+03 1.004264593124389648e+00
1.946952356519880141e+03 9.944443106651306152e-01
1.946973189949430662e+03 1.002099156379699707e+00
1.946994023378982092e+03 1.007815361022949219e+00
1.947014856808067861e+03 1.006634950637817383e+00
1.947035690237153631e+03 1.008461236953735352e+00
1.947056523665774193e+03 1.005425095558166504e+00
1.947077357093462979e+03 9.936113357543945312e-01
1.947098190521617425e+03 1.004838466644287109e+00
1.947119023948841232e+03 9.912304878234863281e-01
1.947139857376064128e+03 9.949537515640258789e-01
1.947160690802821591e+03 1.008199453353881836e+00
1.947181524229114075e+03 9.936381578445434570e-01
1.947202357654940215e+03 9.863839745521545410e-01
1.947223191080765673e+03 9.938272237777709961e-01
1.947244024506125925e+03 1.002655625343322754e+00
1.947264857931020742e+03 1.000410676002502441e+00
1.947306524779879737e+03 1.006371259689331055e+00
1.947348191627340839e+03 9.896696805953979492e-01
1.947369025050373011e+03 9.835079908370971680e-01
1.947389858473404956e+03 9.899156689643859863e-01
1.947410691895506488e+03 1.006366491317749023e+00
1.947431525317607338e+03 9.907565712928771973e-01
1.947452358739242527e+03 1.001813054084777832e+00
1.947473192160878398e+03 1.017446756362915039e+00
1.947494025581581354e+03 1.004092812538146973e+00
1.947514859002284538e+03 1.001497149467468262e+00
1.947535692422522743e+03 9.863832592964172363e-01
1.947556525842760720e+03 1.012530207633972168e+00
1.947577359262068285e+03 1.001044511795043945e+00
1.947598192681375167e+03 9.966829419136047363e-01
1.947619026100216388e+03 1.015494942665100098e+00
1.947639859518591720e+03 9.906249642372131348e-01
1.947660692936501619e+03 1.006280541419982910e+00
1.947681526353946538e+03 9.984355568885803223e-01
1.947702359771390775e+03 1.000246405601501465e+00
1.947723193188369123e+03 9.869275093078613281e-01
1.947744026604881356e+03 9.988583922386169434e-01
1.947764860021393588e+03 1.014693021774291992e+00
1.947785693436975862e+03 1.001741647720336914e+00
1.947806526852557226e+03 9.928638339042663574e-01
1.947827360267673157e+03 9.939597845077514648e-01
1.947848193682323426e+03 9.948767423629760742e-01
1.947869027096508034e+03 9.913632273674011230e-01
1.947889860510227436e+03 1.003970146179199219e+00
1.947910693923946383e+03 9.947313070297241211e-01
1.947931527337199668e+03 1.017009735107421875e+00
1.947952360749987292e+03 9.863038063049316406e-01
1.947973194162309255e+03 1.002222537994384766e+00
1.947994027574630991e+03 9.879904389381408691e-01
1.948014860986020949e+03 9.951325654983520508e-01
1.948035694397411589e+03 1.006625056266784668e+00
1.948056527808336568e+03 1.003281593322753906e+00
1.948077361218795659e+03 1.003958225250244141e+00
1.948098194628789315e+03 9.957590103149414062e-01
1.948119028038782972e+03 9.864590167999267578e-01
1.948139861447845988e+03 9.947009086608886719e-01
1.948160694856908094e+03 1.000247478485107422e+00
1.948181528265504767e+03 1.011334300041198730e+00
1.948202361673635778e+03 9.929181337356567383e-01
1.948223195081300901e+03 9.970540404319763184e-01
1.948244028488966251e+03 9.990868568420410156e-01
1.948264861896165257e+03 1.001472592353820801e+00
1.948285695302432714e+03 1.006121158599853516e+00
1.948306528708701080e+03 9.971987009048461914e-01
1.948327362114504467e+03 1.012898564338684082e+00
1.948348195520307172e+03 1.003564476966857910e+00
1.948369028925178327e+03 1.014243125915527344e+00
1.948389862330049709e+03 9.934494495391845703e-01
1.948410695733989769e+03 1.005839824676513672e+00
1.948431529137929829e+03 1.004514455795288086e+00
1.948452362541404227e+03 1.002056241035461426e+00
1.948473195944878398e+03 1.008317112922668457e+00
1.948494029347421474e+03 9.824365973472595215e-01
1.948514862749498207e+03 9.989457130432128906e-01
1.948535696151574712e+03 9.915646910667419434e-01
1.948556529553186465e+03 9.909028410911560059e-01
1.948577362954332557e+03 1.003136277198791504e+00
1.948598196355013670e+03 1.006964802742004395e+00
1.948619029755228212e+03 9.984630942344665527e-01
1.948639863155442981e+03 1.018650054931640625e+00
1.948660696554726428e+03 1.009654283523559570e+00
1.948681529954009875e+03 9.954769611358642578e-01
1.948702363352827660e+03 1.012681365013122559e+00
1.948723196751179557e+03 9.947669506072998047e-01
1.948744030149066020e+03 9.987595677375793457e-01
1.948764863546486140e+03 1.015376687049865723e+00
1.948785696943440371e+03 9.979349374771118164e-01
1.948806530340395511e+03 1.009915828704833984e+00
1.948827363736419329e+03 1.001552104949951172e+00
1.948848197132443147e+03 1.007615685462951660e+00
1.948869030528001304e+03 9.876257777214050293e-01
1.948889863923093571e+03 1.013706445693969727e+00
1.948910697317720405e+03 1.013356328010559082e+00
1.948931530711881578e+03 1.001190185546875000e+00
1.948952364106042523e+03 1.016912817955017090e+00
1.948973197499272374e+03 1.014706254005432129e+00
1.948994030892502224e+03 1.022775173187255859e+00
1.949014864285266412e+03 9.840983152389526367e-01
1.949035697677098369e+03 1.012450575828552246e+00
1.949056531068930553e+03 1.001313090324401855e+00
1.949077364460297758e+03 9.914687871932983398e-01
1.949098197851664963e+03 9.874969720840454102e-01
1.949119031242100618e+03 1.000634670257568359e+00
1.949139864632536501e+03 1.004589080810546875e+00
1.949160698022041061e+03 9.969631433486938477e-01
1.949181531411545393e+03 9.946125149726867676e-01
1.949202364800584292e+03 9.941231012344360352e-01
1.949223198188691185e+03 9.927093982696533203e-01
1.949244031576798761e+03 9.940528273582458496e-01
1.949264864964906110e+03 1.010062098503112793e+00
1.949285698352081681e+03 9.888696670532226562e-01
1.949306531738791591e+03 9.972746372222900391e-01
1.949327365125502183e+03 9.965546727180480957e-01
1.949348198511281453e+03 1.006076216697692871e+00
1.949369031897060495e+03 9.951884746551513672e-01
1.949389865282374103e+03 9.994422793388366699e-01
1.949410698666756389e+03 9.970082640647888184e-01
1.949431532051138447e+03 1.007956385612487793e+00
1.949452365435055071e+03 1.001086831092834473e+00
1.949473198818971696e+03 9.997097253799438477e-01
1.949494032201956315e+03 9.898441433906555176e-01
1.949514865584475729e+03 1.000328302383422852e+00
1.949535698966994687e+03 9.991185665130615234e-01
1.949556532348582323e+03 1.001571536064147949e+00
1.949577365730170413e+03 1.009733319282531738e+00
1.949598199110827409e+03 1.004237413406372070e+00
1.949619032491484404e+03 1.012836575508117676e+00
1.949639865871675738e+03 1.001119732856750488e+00
1.949660699251401411e+03 9.895932674407958984e-01
1.949681532630660513e+03 1.013851523399353027e+00
1.949702366009454863e+03 1.002666354179382324e+00
1.949723199387783552e+03 1.003795623779296875e+00
1.949744032766112241e+03 1.005596876144409180e+00
1.949764866143509380e+03 1.010457158088684082e+00
1.949785699520906746e+03 1.007429003715515137e+00
1.949806532897372108e+03 9.996681809425354004e-01
1.949827366273836788e+03 1.007135748863220215e+00
1.949848199649836943e+03 9.977117180824279785e-01
1.949869033024906003e+03 9.948547482490539551e-01
1.949910699774578234e+03 9.967956542968750000e-01
1.949931533148715971e+03 9.875180125236511230e-01
1.949952366522388047e+03 9.998623728752136230e-01
1.949973199895593780e+03 9.817135334014892578e-01
1.949994033268799967e+03 1.006651639938354492e+00
1.950014866641075059e+03 1.000497341156005859e+00
1.950035700012884490e+03 9.901971220970153809e-01
1.950056533384693239e+03 9.975786805152893066e-01
1.950077366755569756e+03 9.886064529418945312e-01
1.950098200126447864e+03 1.010951995849609375e+00
1.950119033496394650e+03 9.871893525123596191e-01
1.950139866866341208e+03 9.906365275382995605e-01
1.950160700235822333e+03 1.003460407257080078e+00
1.950181533604371452e+03 9.987059235572814941e-01
1.950202366972921254e+03 9.978096485137939453e-01
1.950223200341005168e+03 9.939866662025451660e-01
1.950244033708623647e+03 1.009226202964782715e+00
1.950264867075776465e+03 9.971783757209777832e-01
1.950285700442462939e+03 1.014805555343627930e+00
1.950306533808683525e+03 1.013255238533020020e+00
1.950327367174904339e+03 1.004790663719177246e+00
1.950348200540193830e+03 1.004337906837463379e+00
1.950369033905018341e+03 9.979919791221618652e-01
1.950389867269376964e+03 9.945181608200073242e-01
1.950410700633735814e+03 9.939201474189758301e-01
1.950431533997163342e+03 9.976130127906799316e-01
1.950452367360590188e+03 1.012921810150146484e+00
1.950473200723086165e+03 1.005973339080810547e+00
1.950494034085582371e+03 1.006371140480041504e+00
1.950514867447146344e+03 1.005903124809265137e+00
1.950535700808711226e+03 9.914898276329040527e-01
1.950556534169810448e+03 1.018578290939331055e+00
1.950577367529976982e+03 1.000532865524291992e+00
1.950598200890143971e+03 9.951415061950683594e-01
1.950619034249846209e+03 9.957414269447326660e-01
1.950639867608617124e+03 1.002133488655090332e+00
1.950660700967388038e+03 1.010832428932189941e+00
1.950681534325692382e+03 9.964867234230041504e-01
1.950702367683531975e+03 1.005721449851989746e+00
1.950723201040905906e+03 9.859427213668823242e-01
1.950744034397813493e+03 9.927857518196105957e-01
1.950764867754255874e+03 1.008250951766967773e+00
1.950785701110232822e+03 1.014957666397094727e+00
1.950806534465743425e+03 9.977003335952758789e-01
1.950827367820788140e+03 1.003760218620300293e+00
1.950848201175367421e+03 9.920027852058410645e-01
1.950869034529481041e+03 9.892222285270690918e-01
1.950889867883129682e+03 1.012081265449523926e+00
1.950910701236312661e+03 1.007255434989929199e+00
1.950931534589029070e+03 9.954907298088073730e-01
1.950952367941280727e+03 9.961433410644531250e-01
1.950973201293066722e+03 9.993923902511596680e-01
1.950994034644386147e+03 9.927396774291992188e-01
1.951014867995240820e+03 1.003224611282348633e+00
1.951035701346095493e+03 1.003068089485168457e+00
1.951056534696018161e+03 1.011064410209655762e+00
1.951077368045474941e+03 1.017061710357666016e+00
1.951098201394466287e+03 9.983551502227783203e-01
1.951119034742991971e+03 9.923514723777770996e-01
1.951139868091051767e+03 9.944213628768920898e-01
1.951160701438646811e+03 9.986012578010559082e-01
1.951181534785776194e+03 9.926079511642456055e-01
1.951202368132439233e+03 1.003462553024291992e+00
1.951223201478637066e+03 9.999513030052185059e-01
1.951244034824835126e+03 9.916039705276489258e-01
1.951264868170101181e+03 9.974250197410583496e-01
1.951285701514902257e+03 9.946523904800415039e-01
1.951306534859237445e+03 9.859616756439208984e-01
1.951327368203106516e+03 1.005883693695068359e+00
1.951348201546509245e+03 1.004739880561828613e+00
1.951369034888981105e+03 9.949803352355957031e-01
1.951389868231453875e+03 9.999339580535888672e-01
1.951410701573460301e+03 9.976038336753845215e-01
1.951431534915001748e+03 9.984678030014038086e-01
1.951452368256077307e+03 9.996499419212341309e-01
1.951473201596686749e+03 1.002823233604431152e+00
1.951494034936831213e+03 1.005311608314514160e+00
1.951514868276044353e+03 9.870967864990234375e-01
1.951535701615256812e+03 9.883703589439392090e-01
1.951556534954003382e+03 1.009351491928100586e+00
1.951577368291819539e+03 1.001234889030456543e+00
1.951598201629635014e+03 1.015248894691467285e+00
1.951619034966518257e+03 9.966382384300231934e-01
1.951639868303402409e+03 9.961631894111633301e-01
1.951660701639355921e+03 1.007401347160339355e+00
1.951681534974843771e+03 9.974664449691772461e-01
1.951702368310330712e+03 1.004775285720825195e+00
1.951723201644886558e+03 9.843180775642395020e-01
1.951744034978977425e+03 1.000232338905334473e+00
1.951764868312602403e+03 1.000703573226928711e+00
1.951785701645761264e+03 1.002698898315429688e+00
1.951806534978455147e+03 9.994326829910278320e-01
1.951827368310683369e+03 9.932072758674621582e-01
1.951848201642444337e+03 1.002695202827453613e+00
1.951869034973274211e+03 9.977793693542480469e-01
1.951889868304105448e+03 1.003791689872741699e+00
1.951910701634005136e+03 9.919382929801940918e-01
1.951931534963904369e+03 1.004920721054077148e+00
1.951952368292872279e+03 9.961155652999877930e-01
1.951973201621374528e+03 9.990782737731933594e-01
1.951994034949877232e+03 1.000414490699768066e+00
1.952014868277448841e+03 9.955905675888061523e-01
1.952035701604554106e+03 9.927263259887695312e-01
1.952056534930727821e+03 1.001602888107299805e+00
1.952077368256902446e+03 1.009437322616577148e+00
1.952098201582611409e+03 9.948441982269287109e-01
1.952119034907387459e+03 9.925846457481384277e-01
1.952139868232163735e+03 9.977990984916687012e-01
1.952160701556010054e+03 1.010763406753540039e+00
1.952181534879390711e+03 9.950103163719177246e-01
1.952202368202304797e+03 1.004172921180725098e+00
1.952223201524753449e+03 9.928641319274902344e-01
1.952244034846736440e+03 1.007419824600219727e+00
1.952264868167788791e+03 1.003740668296813965e+00
1.952285701488841141e+03 9.921481013298034668e-01
1.952306534808961260e+03 9.926052093505859375e-01
1.952327368128615944e+03 1.006587982177734375e+00
1.952348201447805650e+03 9.984831809997558594e-01
1.952369034766528785e+03 9.999100565910339355e-01
1.952389868084785803e+03 9.942999482154846191e-01
1.952410701402112181e+03 1.012999773025512695e+00
1.952431534719438559e+03 9.962742924690246582e-01
1.952452368035834070e+03 9.855267405509948730e-01
1.952473201351764146e+03 9.871869683265686035e-01
1.952494034667227652e+03 1.001576781272888184e+00
1.952514867981760062e+03 1.003247737884521484e+00
1.952535701295826811e+03 1.007538795471191406e+00
1.952556534609894243e+03 1.008808135986328125e+00
1.952577367923030351e+03 1.007075190544128418e+00
1.952598201235234228e+03 9.942623972892761230e-01
1.952619034547437650e+03 9.897011518478393555e-01
1.952639867858709522e+03 9.934164285659790039e-01
1.952660701169516642e+03 9.939238429069519043e-01
1.952681534479858783e+03 9.909457564353942871e-01
1.952702367789735263e+03 9.852224588394165039e-01
1.952723201098679738e+03 9.960939884185791016e-01
1.952744034407158324e+03 9.847851991653442383e-01
1.952764867715171476e+03 9.934398531913757324e-01
1.952785701022253988e+03 1.001271367073059082e+00
1.952806534329336273e+03 1.013077616691589355e+00
1.952827367635486780e+03 9.975960850715637207e-01
1.952848200940705965e+03 1.006979346275329590e+00
1.952869034245925150e+03 1.001163840293884277e+00
1.952889867550212102e+03 1.001470088958740234e+00
1.952910700854034303e+03 1.003923654556274414e+00
1.952931534156925863e+03 1.003066778182983398e+00
1.952952367459350853e+03 1.004138827323913574e+00
1.952973200761310409e+03 1.001981258392333984e+00
1.952994034062804303e+03 9.930565953254699707e-01
1.953014867363366875e+03 1.002119541168212891e+00
1.953035700662997897e+03 9.994053840637207031e-01
1.953056533962629828e+03 9.896423220634460449e-01
1.953077367261330437e+03 1.011275768280029297e+00
1.953098200559098814e+03 9.937870502471923828e-01
1.953119033856867418e+03 9.920586943626403809e-01
1.953139867153704017e+03 9.957669973373413086e-01
1.953160700449609294e+03 9.966152906417846680e-01
1.953181533745049364e+03 1.004019379615783691e+00
1.953202367039559022e+03 1.008164644241333008e+00
1.953223200333603017e+03 1.009841322898864746e+00
1.953244033627180443e+03 1.006422877311706543e+00
1.953264866919826773e+03 9.910286664962768555e-01
1.953285700212007441e+03 1.009792327880859375e+00
1.953306533503256787e+03 1.005344152450561523e+00
1.953327366794040245e+03 9.972706437110900879e-01
1.953348200083893289e+03 9.899663925170898438e-01
1.953369033372815011e+03 1.000973463058471680e+00
1.953389866661269707e+03 1.013033032417297363e+00
1.953410699949258515e+03 1.009930372238159180e+00
1.953431533236316909e+03 1.001935720443725586e+00
1.953452366522443981e+03 1.013913154602050781e+00
1.953473199808105164e+03 1.006488680839538574e+00
1.953494033092835252e+03 1.008618712425231934e+00
1.953514866376634018e+03 9.964506626129150391e-01
1.953535699659967804e+03 1.017598748207092285e+00
1.953556532942370040e+03 9.945641160011291504e-01
1.953577366223840500e+03 1.000053286552429199e+00
1.953598199504845297e+03 1.017326712608337402e+00
1.953619032784918772e+03 9.974206686019897461e-01
1.953639866064060698e+03 1.008051156997680664e+00
1.953660699342736507e+03 1.003976464271545410e+00
1.953681532620015105e+03 9.846987128257751465e-01
1.953702365896828951e+03 9.953734278678894043e-01
1.953723199172711475e+03 1.000128746032714844e+00
1.953744032447663130e+03 1.001134276390075684e+00
1.953764865721683691e+03 1.010831952095031738e+00
1.953785698994772247e+03 1.002154827117919922e+00
1.953806532267395141e+03 1.000645875930786133e+00
1.953827365538620825e+03 1.001688003540039062e+00
1.953848198808915413e+03 1.002115249633789062e+00
1.953869032078744340e+03 9.987971186637878418e-01
1.953889865347176283e+03 1.006212472915649414e+00
1.953910698614675994e+03 9.923611283302307129e-01
1.953931531881244609e+03 1.013126254081726074e+00
1.953952365146882585e+03 1.006424546241760254e+00
1.953973198411589010e+03 9.967746734619140625e-01
1.953994031674899361e+03 9.921149611473083496e-01
1.954014864937278389e+03 1.005719184875488281e+00
1.954035698198725413e+03 9.930454492568969727e-01
1.954056531459240887e+03 1.000516653060913086e+00
1.954077364718359604e+03 9.985857605934143066e-01
1.954098197976546999e+03 9.969791173934936523e-01
1.954119031233337182e+03 9.947516322135925293e-01
1.954139864489196270e+03 1.000564336776733398e+00
1.954160697743657693e+03 1.003258466720581055e+00
1.954181530997187792e+03 1.001488089561462402e+00
1.954202364249321363e+03 9.942411184310913086e-01
1.954223197500058177e+03 1.000831842422485352e+00
1.954244030749398007e+03 1.005601644515991211e+00
1.954264863997806287e+03 9.852872490882873535e-01
1.954285697244817811e+03 9.972575306892395020e-01
1.954306530490432351e+03 1.003041028976440430e+00
1.954327363734184246e+03 9.976630806922912598e-01
1.954348196977005273e+03 9.856908321380615234e-01
1.954369030217963882e+03 9.992727041244506836e-01
1.954389863457990486e+03 9.962553977966308594e-01
1.954410696696154218e+03 9.938879609107971191e-01
1.954431529932454850e+03 1.000899076461791992e+00
1.954452363167358499e+03 1.006168723106384277e+00
1.954473196400400184e+03 9.984440803527832031e-01
1.954494029632044658e+03 1.004170417785644531e+00
1.954514862861826714e+03 9.869089722633361816e-01
1.954535696089746125e+03 9.872580766677856445e-01
1.954556529316268325e+03 1.002614498138427734e+00
1.954577362540462445e+03 9.935172796249389648e-01
1.954598195762793921e+03 1.005286097526550293e+00
1.954619028982797090e+03 9.890975356101989746e-01
1.954639862200937387e+03 9.962254166603088379e-01
1.954660695417215265e+03 9.899987578392028809e-01
1.954681528631164156e+03 9.978931546211242676e-01
1.954702361842784512e+03 9.959262013435363770e-01
1.954723195052077472e+03 9.802677035331726074e-01
1.954744028259042125e+03 9.982637166976928711e-01
1.954764861463678471e+03 9.937772750854492188e-01
1.954785694665520623e+03 9.961668848991394043e-01
1.954806527864569034e+03 9.875580072402954102e-01
1.954827361061288912e+03 9.849017858505249023e-01
1.954848194255215049e+03 9.973455667495727539e-01
1.954869027446347218e+03 1.005444407463073730e+00
