1.491931881990076590e+03 9.848132133483886719e-01
1.491952715203093248e+03 9.890809059143066406e-01
1.491973548417986194e+03 9.982671737670898438e-01
1.491994381634803403e+03 9.980068206787109375e-01
1.492015214853547150e+03 9.908761978149414062e-01
1.492036048074175142e+03 9.641849398612976074e-01
1.492056881296607344e+03 9.765793681144714355e-01
1.492077714520718700e+03 9.903363585472106934e-01
1.492098547746348686e+03 1.003586292266845703e+00
1.492119380973297439e+03 9.901906251907348633e-01
1.492140214201335539e+03 9.905510544776916504e-01
1.492161047430202416e+03 9.964532256126403809e-01
1.492181880659616581e+03 1.006829619407653809e+00
1.492202713889273355e+03 9.991878271102905273e-01
1.492223547118856459e+03 9.996364712715148926e-01
1.492265213576497899e+03 1.003074645996093750e+00
1.492286046803901854e+03 9.999524354934692383e-01
1.492306880029935883e+03 1.011466741561889648e+00
1.492327713254294167e+03 9.979519248008728027e-01
1.492348546476693627e+03 9.955150485038757324e-01
1.492411046129667739e+03 9.907537102699279785e-01
1.492431879341920876e+03 9.941169619560241699e-01
1.492452712551228160e+03 9.593673944473266602e-01
1.492473545757504780e+03 9.838495850563049316e-01
1.492494378960708218e+03 9.980356693267822266e-01
1.492515212160837564e+03 1.002056241035461426e+00
1.492556878552089984e+03 1.009749770164489746e+00
1.492598544932101277e+03 9.993593096733093262e-01
1.492619378118324676e+03 9.982724189758300781e-01
1.492661044484365902e+03 1.008398056030273438e+00
1.492681877664730109e+03 9.987440109252929688e-01
1.492702710843722571e+03 1.005530476570129395e+00
1.492723544021660928e+03 1.004875898361206055e+00
1.492744377198870779e+03 9.969128370285034180e-01
1.492806876729396890e+03 1.003580093383789062e+00
1.492827709906922337e+03 9.949819445610046387e-01
1.492848543085277925e+03 9.945921897888183594e-01
1.492911042627771167e+03 9.872531890869140625e-01
1.492931875811735836e+03 1.000593066215515137e+00
1.492952708997505397e+03 1.015032887458801270e+00
1.492973542185161250e+03 1.002944827079772949e+00
1.492994375374743413e+03 1.004162192344665527e+00
1.493015208566250521e+03 9.967484474182128906e-01
1.493036041759636191e+03 9.940198659896850586e-01
1.493056874954812884e+03 9.925832152366638184e-01
1.493077708151650768e+03 1.007971882820129395e+00
1.493098541349984316e+03 9.932647347450256348e-01
1.493161040951772065e+03 9.909785389900207520e-01
1.493181874153758827e+03 9.981691241264343262e-01
1.493202707355949542e+03 9.966521263122558594e-01
1.493223540558025888e+03 1.011164307594299316e+00
1.493244373759661357e+03 1.001833558082580566e+00
1.493286040160300900e+03 9.686148166656494141e-01
1.493306873358663552e+03 9.767178297042846680e-01
1.493327706555314080e+03 1.008178830146789551e+00
1.493348539749971224e+03 9.922638535499572754e-01
1.493369372942376003e+03 1.010217666625976562e+00
1.493411039319549218e+03 9.977031946182250977e-01
1.493431872503961586e+03 9.936167001724243164e-01
1.493452705685416049e+03 9.937447309494018555e-01
1.493473538863833937e+03 1.002296686172485352e+00
1.493494372039178188e+03 9.940630197525024414e-01
1.493515205211451530e+03 1.003899693489074707e+00
1.493536038380705804e+03 1.002101302146911621e+00
1.493556871547028777e+03 1.000788569450378418e+00
1.493577704710552780e+03 1.006161332130432129e+00
1.493598537871447206e+03 9.940817356109619141e-01
1.493619371029916692e+03 1.005048274993896484e+00
1.493640204186198844e+03 9.892744421958923340e-01
1.493661037340557186e+03 1.002662897109985352e+00
1.493681870493280030e+03 9.926566481590270996e-01
1.493702703644672738e+03 9.514978528022766113e-01
1.493723536795055225e+03 9.658677577972412109e-01
1.493744369944754453e+03 9.681061506271362305e-01
1.493765203094098297e+03 1.000213146209716797e+00
1.493786036243411445e+03 1.000259637832641602e+00
1.493806869393009720e+03 9.895336627960205078e-01
1.493827702543193936e+03 9.999358654022216797e-01
1.493848535694245129e+03 1.006905317306518555e+00
1.493869368846418638e+03 1.004111647605895996e+00
1.493890201999942292e+03 1.004396915435791016e+00
1.493911035155008904e+03 1.009413957595825195e+00
1.493931868311775816e+03 9.996492266654968262e-01
1.493952701470362172e+03 1.000641107559204102e+00
1.493973534630845052e+03 1.003936886787414551e+00
1.493994367793257879e+03 1.003986597061157227e+00
1.494015200957593152e+03 1.000924587249755859e+00
1.494036034123799709e+03 9.952183961868286133e-01
1.494056867291783647e+03 1.007734060287475586e+00
1.494098533632512044e+03 9.894141554832458496e-01
1.494119366804877473e+03 9.750658869743347168e-01
1.494140199978267447e+03 9.750499725341796875e-01
1.494161033152418895e+03 9.994160532951354980e-01
1.494181866327040780e+03 1.012399792671203613e+00
1.494202699501827055e+03 1.006349563598632812e+00
1.494223532676458262e+03 1.004268288612365723e+00
1.494244365850606982e+03 1.002424597740173340e+00
1.494265199023945570e+03 1.000471949577331543e+00
1.494286032196149336e+03 1.008486270904541016e+00
1.494306865366904049e+03 9.921054840087890625e-01
1.494327698535910031e+03 1.007759571075439453e+00
1.494348531702889204e+03 9.961766004562377930e-01
1.494369364867586683e+03 1.009392619132995605e+00
1.494390198029776684e+03 1.014951348304748535e+00
1.494411031189268897e+03 1.009149670600891113e+00
1.494431864345909162e+03 9.967738986015319824e-01
1.494452697499580836e+03 1.001949310302734375e+00
1.494473530650209568e+03 1.000782251358032227e+00
1.494494363797763299e+03 1.001673340797424316e+00
1.494515196942253397e+03 1.008979558944702148e+00
1.494536030083733522e+03 9.698579311370849609e-01
1.494556863222300080e+03 9.633694887161254883e-01
1.494577696358089725e+03 9.788419604301452637e-01
1.494598529491276167e+03 1.006756067276000977e+00
1.494619362622068820e+03 1.001353144645690918e+00
1.494640195750708244e+03 9.980795383453369141e-01
1.494661028877462513e+03 1.005768060684204102e+00
1.494681862002622211e+03 9.974941015243530273e-01
1.494702695126494518e+03 1.004485487937927246e+00
1.494723528249400488e+03 1.006644606590270996e+00
1.494744361371667765e+03 1.001522779464721680e+00
1.494765194493623994e+03 9.927699565887451172e-01
1.494786027615594094e+03 9.993384480476379395e-01
1.494827693860813497e+03 1.002152562141418457e+00
1.494848526984639193e+03 1.000646233558654785e+00
1.494869360109621084e+03 9.949679374694824219e-01
1.494890193235981542e+03 1.008154273033142090e+00
1.494952692625041664e+03 9.673439860343933105e-01
1.494973525758427741e+03 9.717853665351867676e-01
1.494994358893748085e+03 9.847226142883300781e-01
1.495015192030988146e+03 9.966788887977600098e-01
1.495036025170090397e+03 9.941617846488952637e-01
1.495056858310957296e+03 1.004107832908630371e+00
1.495077691453449233e+03 1.000778317451477051e+00
1.495098524597389996e+03 9.975589513778686523e-01
1.495119357742566990e+03 1.008738517761230469e+00
1.495140190888739426e+03 1.008287310600280762e+00
1.495161024035636501e+03 9.980052113533020020e-01
1.495181857182967178e+03 1.010921955108642578e+00
1.495202690330422911e+03 1.003639101982116699e+00
1.495223523477681965e+03 1.003117918968200684e+00
1.495244356624418288e+03 1.008267998695373535e+00
1.495265189770302186e+03 9.994476437568664551e-01
1.495286022915012836e+03 9.941911101341247559e-01
1.495306856058234871e+03 1.006572604179382324e+00
1.495327689199672932e+03 1.008433938026428223e+00
1.495348522339050305e+03 9.883906841278076172e-01
1.495369355476116652e+03 9.714032411575317383e-01
1.495390188610650966e+03 9.722174406051635742e-01
1.495411021742466573e+03 1.000989437103271484e+00
1.495431854871414316e+03 1.003564357757568359e+00
1.495452687997383919e+03 9.938777089118957520e-01
1.495473521120304440e+03 9.882470965385437012e-01
1.495494354240151551e+03 9.968189597129821777e-01
1.495515187356941397e+03 1.007578134536743164e+00
1.495536020470734002e+03 1.010524153709411621e+00
1.495556853581629866e+03 1.001747131347656250e+00
1.495577686689771781e+03 9.982269406318664551e-01
1.495598519795337324e+03 9.907325506210327148e-01
1.495619352898541592e+03 9.996913671493530273e-01
1.495640185999627647e+03 9.929881095886230469e-01
1.495661019098866518e+03 9.936071634292602539e-01
1.495681852196552654e+03 1.007340073585510254e+00
1.495702685292995284e+03 9.973643422126770020e-01
1.495723518388516140e+03 1.009209632873535156e+00
1.495744351483442642e+03 1.003755331039428711e+00
1.495765184578103799e+03 9.949025511741638184e-01
1.495786017672821117e+03 9.811492562294006348e-01
1.495806850767908145e+03 9.551049470901489258e-01
1.495827683863659786e+03 9.839795827865600586e-01
1.495848516960352299e+03 9.955431818962097168e-01
1.495869350058233067e+03 1.002466201782226562e+00
1.495890183157520823e+03 1.002237677574157715e+00
1.495911016258401105e+03 1.000037074089050293e+00
1.495931849361019886e+03 1.001456856727600098e+00
1.495952682465486077e+03 1.007341027259826660e+00
1.495973515571865619e+03 1.010389089584350586e+00
1.495994348680181020e+03 1.007281184196472168e+00
1.496015181790413180e+03 1.002973675727844238e+00
1.496036014902499574e+03 9.969621896743774414e-01
1.496056848016335607e+03 9.986554980278015137e-01
1.496077681131778036e+03 1.001351237297058105e+00
1.496098514248644960e+03 1.014809727668762207e+00
1.496119347366721740e+03 1.000177383422851562e+00
1.496140180485760084e+03 9.984693527221679688e-01
1.496161013605488961e+03 9.946526288986206055e-01
1.496181846725613468e+03 9.847417473793029785e-01
1.496202679845823695e+03 9.745910167694091797e-01
1.496223512965797454e+03 9.710674881935119629e-01
1.496244346085205962e+03 9.981365203857421875e-01
1.496286012321025055e+03 9.890269041061401367e-01
1.496306845436802178e+03 1.009363889694213867e+00
1.496327678550759401e+03 9.974780082702636719e-01
1.496348511662623423e+03 1.003782391548156738e+00
1.496369344772147770e+03 1.012379527091979980e+00
1.496390177879115527e+03 1.004014730453491211e+00
1.496411010983345477e+03 9.945173859596252441e-01
1.496431844084692557e+03 9.985916614532470703e-01
1.496452677183051492e+03 9.984680414199829102e-01
1.496473510278358390e+03 1.001565575599670410e+00
1.496494343370592787e+03 1.002432346343994141e+00
1.496515176459778104e+03 9.986472129821777344e-01
1.496536009545979141e+03 1.007954597473144531e+00
1.496556842629302537e+03 1.014668703079223633e+00
1.496577675709893583e+03 9.935572147369384766e-01
1.496598508787937590e+03 1.004923820495605469e+00
1.496619341863652380e+03 9.657323360443115234e-01
1.496640174937285565e+03 9.639253616333007812e-01
1.496661008009111583e+03 1.000348925590515137e+00
1.496681841079425794e+03 1.001951217651367188e+00
1.496702674148540837e+03 9.994648098945617676e-01
1.496723507216777989e+03 1.004352688789367676e+00
1.496744340284467171e+03 9.837249517440795898e-01
1.496765173351934436e+03 1.003057241439819336e+00
1.496786006419503110e+03 1.009012818336486816e+00
1.496806839487482648e+03 9.967280626296997070e-01
1.496827672556166817e+03 1.000441789627075195e+00
1.496848505625827556e+03 1.016352176666259766e+00
1.496869338696709065e+03 9.993742108345031738e-01
1.496890171769026665e+03 1.000548005104064941e+00
1.496911004842959301e+03 9.912427067756652832e-01
1.496931837918650217e+03 1.002317428588867188e+00
1.496952670996201277e+03 1.004400014877319336e+00
1.496973504075673191e+03 9.920232295989990234e-01
1.496994337157083010e+03 9.972440004348754883e-01
1.497015170240406633e+03 1.001599192619323730e+00
1.497036003325574939e+03 9.679180979728698730e-01
1.497056836412478788e+03 9.532511830329895020e-01
1.497077669500969023e+03 9.881446361541748047e-01
1.497098502590859880e+03 9.933404922485351562e-01
1.497119335681931034e+03 9.978252053260803223e-01
1.497140168773933055e+03 9.965889453887939453e-01
1.497161001866589913e+03 1.011864662170410156e+00
1.497181834959605567e+03 1.003679513931274414e+00
1.497202668052666468e+03 1.009959220886230469e+00
1.497244334237629346e+03 9.987993836402893066e-01
1.497265167328875123e+03 1.000272393226623535e+00
1.497306833507296915e+03 1.003469586372375488e+00
1.497327666593871754e+03 9.836307168006896973e-01
1.497348499678322014e+03 1.000047206878662109e+00
1.497369332760405086e+03 1.000014543533325195e+00
1.497390165839907695e+03 1.012389421463012695e+00
1.497410998916653170e+03 1.002307415008544922e+00
1.497431831990501678e+03 9.862507581710815430e-01
1.497452665061353855e+03 9.787917137145996094e-01
1.497473498129151494e+03 9.746264219284057617e-01
1.497494331193879134e+03 9.758102297782897949e-01
1.497515164255566560e+03 9.983347058296203613e-01
1.497535997314282668e+03 9.790555238723754883e-01
1.497556830370141142e+03 1.008886098861694336e+00
1.497577663423292279e+03 1.009708046913146973e+00
1.497598496473925024e+03 1.007320880889892578e+00
1.497619329522261069e+03 1.004125356674194336e+00
1.497640162568552569e+03 1.001759886741638184e+00
1.497660995613077375e+03 1.000099062919616699e+00
1.497681828656132666e+03 1.012817025184631348e+00
1.497702661698031534e+03 1.008162140846252441e+00
1.497723494739099351e+03 1.011363267898559570e+00
1.497744327779663763e+03 9.980393052101135254e-01
1.497765160820051733e+03 1.003034114837646484e+00
1.497785993860584767e+03 1.003078937530517578e+00
1.497806826901569821e+03 1.005266904830932617e+00
1.497827659943299523e+03 1.001892328262329102e+00
1.497848492986041947e+03 1.005510687828063965e+00
1.497869326030037655e+03 9.832977652549743652e-01
1.497890159075496513e+03 9.745103120803833008e-01
1.497910992122594962e+03 9.766281843185424805e-01
1.497952658222216087e+03 9.915176033973693848e-01
1.497973491274890876e+03 1.005296349525451660e+00
1.497994324329505844e+03 1.005918741226196289e+00
1.498015157386029159e+03 1.006636023521423340e+00
1.498035990444387835e+03 9.944417476654052734e-01
1.498056823504466593e+03 1.004379034042358398e+00
1.498077656566113319e+03 9.917302131652832031e-01
1.498098489629135656e+03 1.009351491928100586e+00
1.498119322693310096e+03 9.943099617958068848e-01
1.498140155758382434e+03 1.012368202209472656e+00
1.498160988824074593e+03 9.976406693458557129e-01
1.498181821890087576e+03 9.961882829666137695e-01
1.498202654956106699e+03 9.952188730239868164e-01
1.498223488021808180e+03 1.012697219848632812e+00
1.498244321086863692e+03 9.994509220123291016e-01
1.498265154150947183e+03 9.990301728248596191e-01
1.498306820274928441e+03 9.736378192901611328e-01
1.498327653334229808e+03 9.950219988822937012e-01
1.498348486391377037e+03 1.002865195274353027e+00
1.498369319446127975e+03 1.000241756439208984e+00
1.498390152498276620e+03 9.985523819923400879e-01
1.498410985547649489e+03 1.005442857742309570e+00
1.498431818594114020e+03 1.012289762496948242e+00
1.498452651637572899e+03 1.009405136108398438e+00
1.498473484677976103e+03 9.905622005462646484e-01
1.498494317715314082e+03 1.005102634429931641e+00
1.498515150749619579e+03 1.006365656852722168e+00
1.498535983780970128e+03 1.011780977249145508e+00
1.498556816809481688e+03 1.005325794219970703e+00
1.498577649835312059e+03 1.016152739524841309e+00
1.498598482858653597e+03 1.006727218627929688e+00
1.498619315879732312e+03 1.002969145774841309e+00
1.498640148898804227e+03 9.978970289230346680e-01
1.498660981916149240e+03 1.000789880752563477e+00
1.498681814932068391e+03 1.010725736618041992e+00
1.498702647946875686e+03 9.777884483337402344e-01
1.498723480960896950e+03 9.658564925193786621e-01
1.498744313974459374e+03 1.000833988189697266e+00
1.498765146987891058e+03 1.008452892303466797e+00
1.498785980001511916e+03 1.010394811630249023e+00
1.498806813015627085e+03 9.991044402122497559e-01
1.498827646030525784e+03 1.003362059593200684e+00
1.498848479046472676e+03 1.011258840560913086e+00
1.498869312063705138e+03 1.000991106033325195e+00
1.498890145082428717e+03 1.004242300987243652e+00
1.498910978102813488e+03 1.006193518638610840e+00
1.498931811124992464e+03 9.935125112533569336e-01
1.498952644149056368e+03 1.002104878425598145e+00
1.498973477175054541e+03 9.949166774749755859e-01
1.498994310202993802e+03 1.003194689750671387e+00
1.499015143232836635e+03 9.945527315139770508e-01
1.499035976264506417e+03 1.000066041946411133e+00
1.499056809297880591e+03 1.001705646514892578e+00
1.499077642332801133e+03 1.004782795906066895e+00
1.499098475369072730e+03 1.000342726707458496e+00
1.499119308406466871e+03 9.887541532516479492e-01
1.499140141444727078e+03 9.771005511283874512e-01
1.499160974483570953e+03 9.878013730049133301e-01
1.499181807522698136e+03 1.002540111541748047e+00
1.499202640561791895e+03 1.007176995277404785e+00
1.499223473600528450e+03 1.001055121421813965e+00
1.499244306638577882e+03 9.964289069175720215e-01
1.499265139675614591e+03 1.004597067832946777e+00
1.499306805745391557e+03 1.004360556602478027e+00
1.499327638777538823e+03 1.002690792083740234e+00
1.499348471807501028e+03 1.010077238082885742e+00
1.499369304835041021e+03 1.016500949859619141e+00
1.499390137859956667e+03 1.003657937049865723e+00
1.499410970882079937e+03 1.000569701194763184e+00
1.499431803901281683e+03 9.958694577217102051e-01
1.499452636917472546e+03 9.986925721168518066e-01
1.499473469930605688e+03 1.014500379562377930e+00
1.499494302940678608e+03 1.010630011558532715e+00
1.499515135947729277e+03 9.975788593292236328e-01
1.499535968951841141e+03 9.815654754638671875e-01
1.499556801953135164e+03 9.500724077224731445e-01
1.499577634951772779e+03 1.000475049018859863e+00
1.499598467947952940e+03 9.983282685279846191e-01
1.499640133933888137e+03 1.001422524452209473e+00
1.499660966924186141e+03 1.002993702888488770e+00
1.499681799913100122e+03 1.002981901168823242e+00
1.499702632900947492e+03 9.968275427818298340e-01
1.499723465888054307e+03 9.900696873664855957e-01
1.499744298874749347e+03 1.011929154396057129e+00
1.499765131861358896e+03 1.000208735466003418e+00
1.499785964848199910e+03 1.005093812942504883e+00
1.499806797835577754e+03 1.008720755577087402e+00
1.499827630823777781e+03 1.000145554542541504e+00
1.499848463813061699e+03 1.005963206291198730e+00
1.499869296803662792e+03 9.895150661468505859e-01
1.499890129795781831e+03 1.008928418159484863e+00
1.499910962789585028e+03 9.925135374069213867e-01
1.499931795785198346e+03 9.995973706245422363e-01
1.499952628782708643e+03 9.787060618400573730e-01
1.499973461782159575e+03 9.594765305519104004e-01
1.499994294783552050e+03 9.763721227645874023e-01
1.500015127786843550e+03 9.900311231613159180e-01
1.500056793798744593e+03 1.009063363075256348e+00
1.500077626807064689e+03 1.004345297813415527e+00
1.500098459816711738e+03 1.019901275634765625e+00
1.500119292827452000e+03 1.015682220458984375e+00
1.500140125839024904e+03 1.004094362258911133e+00
1.500160958851146461e+03 1.013210773468017578e+00
1.500181791863513126e+03 1.021102070808410645e+00
1.500202624875807032e+03 9.988760948181152344e-01
1.500223457887702807e+03 1.003076553344726562e+00
1.500244290898873032e+03 9.996554255485534668e-01
1.500265123908991200e+03 1.002221941947937012e+00
1.500285956917739441e+03 1.007225990295410156e+00
1.500306789924816258e+03 9.866341352462768555e-01
1.500327622929936979e+03 9.884272813796997070e-01
1.500348455932841944e+03 9.983611106872558594e-01
1.500369288933300368e+03 9.840480089187622070e-01
1.500390121931111480e+03 9.627674221992492676e-01
1.500410954926114300e+03 9.831976294517517090e-01
1.500431787918184909e+03 1.000534892082214355e+00
1.500473453893235728e+03 1.003079891204833984e+00
1.500494286876176830e+03 9.898969531059265137e-01
1.500515119856108186e+03 9.950049519538879395e-01
1.500535952833115516e+03 1.005795240402221680e+00
1.500556785807327287e+03 1.008119940757751465e+00
1.500577618778911074e+03 9.999698996543884277e-01
1.500598451748067191e+03 9.989806413650512695e-01
1.500619284715030972e+03 1.013834476470947266e+00
1.500640117680063895e+03 1.008724212646484375e+00
1.500660950643453589e+03 1.007728934288024902e+00
1.500681783605502460e+03 9.945770502090454102e-01
1.500702616566530423e+03 9.869455695152282715e-01
1.500723449526864215e+03 9.965161085128784180e-01
1.500744282486831708e+03 1.007321000099182129e+00
1.500765115446758045e+03 1.002587676048278809e+00
1.500785948406960642e+03 9.879863858222961426e-01
1.500806781367741223e+03 9.706717729568481445e-01
1.500827614329382186e+03 9.926204681396484375e-01
1.500848447292142282e+03 1.014101624488830566e+00
1.500869280256249795e+03 9.963015317916870117e-01
1.500890113221903221e+03 9.940677285194396973e-01
1.500910946189262177e+03 1.011347293853759766e+00
1.500931779158448080e+03 1.007060647010803223e+00
1.500952612129541876e+03 1.005080819129943848e+00
1.500973445102580627e+03 1.004037380218505859e+00
1.500994278077561148e+03 1.004621505737304688e+00
1.501015111054435465e+03 9.992762207984924316e-01
1.501035944033113083e+03 1.008414745330810547e+00
1.501077609995318880e+03 1.011202335357666016e+00
1.501098442978473713e+03 1.014048337936401367e+00
1.501119275962692655e+03 1.001480460166931152e+00
1.501140108947710814e+03 9.947786927223205566e-01
1.501160941933241702e+03 1.004011511802673340e+00
1.501181774918979499e+03 9.873235821723937988e-01
1.501202607904606339e+03 9.814844727516174316e-01
1.501244273874213832e+03 9.746307134628295898e-01
1.501265106857544197e+03 1.004475474357604980e+00
1.501285939839467346e+03 9.980837106704711914e-01
1.501306772819683601e+03 1.006381511688232422e+00
1.501327605797911247e+03 1.015967369079589844e+00
1.501348438773893804e+03 9.984365105628967285e-01
1.501369271747404582e+03 1.002889752388000488e+00
1.501390104718248949e+03 1.003516197204589844e+00
1.501410937686268880e+03 1.000935196876525879e+00
1.501431770651345005e+03 9.999043941497802734e-01
1.501452603613400242e+03 1.003870725631713867e+00
1.501473436572398668e+03 1.007828235626220703e+00
1.501494269528347331e+03 1.006898641586303711e+00
1.501515102481298754e+03 1.006103873252868652e+00
1.501535935431343660e+03 9.851962924003601074e-01
1.501556768378616198e+03 9.949657320976257324e-01
1.501577601323286899e+03 1.002422451972961426e+00
1.501598434265563128e+03 9.929453134536743164e-01
1.501619267205681581e+03 9.778221845626831055e-01
1.501640100143910331e+03 9.558923840522766113e-01
1.501660933080535870e+03 9.945799112319946289e-01
1.501681766015866060e+03 9.952128529548645020e-01
1.501702598950219908e+03 1.012284755706787109e+00
1.501723431883924377e+03 9.909868836402893066e-01
1.501744264817309386e+03 9.945175647735595703e-01
1.501765097750699397e+03 9.906013607978820801e-01
1.501785930684408413e+03 9.901244640350341797e-01
1.501806763618735886e+03 9.982027411460876465e-01
1.501827596553962394e+03 9.887280464172363281e-01
1.501848429490342596e+03 9.944443106651306152e-01
1.501869262428101820e+03 9.964312911033630371e-01
1.501890095367432195e+03 1.003341555595397949e+00
1.501910928308488792e+03 1.011545181274414062e+00
1.501931761251388252e+03 9.928911924362182617e-01
1.501952594196206746e+03 1.006083965301513672e+00
1.501973427142975879e+03 1.005101799964904785e+00
1.501994260091685192e+03 9.909242987632751465e-01
1.502015093042281478e+03 9.906330108642578125e-01
1.502035925994669242e+03 9.758646488189697266e-01
1.502056758948713195e+03 9.544606804847717285e-01
1.502077591904239398e+03 9.837127923965454102e-01
1.502098424861039121e+03 9.951106309890747070e-01
1.502119257818872029e+03 9.981738924980163574e-01
1.502140090777471187e+03 1.012290954589843750e+00
1.502160923736547147e+03 1.009755969047546387e+00
1.502181756695792956e+03 1.003353595733642578e+00
1.502202589654886424e+03 9.955618977546691895e-01
1.502244255571310759e+03 1.008454918861389160e+00
1.502265088527989292e+03 1.003629922866821289e+00
1.502285921483223774e+03 1.006768465042114258e+00
1.502306754436715210e+03 1.000564932823181152e+00
1.502327587388185520e+03 9.775568246841430664e-01
1.502348420337383232e+03 9.974439144134521484e-01
1.502369253284084834e+03 9.863268733024597168e-01
1.502390086228100245e+03 9.946110844612121582e-01
1.502410919169276212e+03 1.001185655593872070e+00
1.502431752107498596e+03 1.004205584526062012e+00
1.502452585042696001e+03 9.853606820106506348e-01
1.502473417974838640e+03 9.644957184791564941e-01
1.502494250903938791e+03 9.836434721946716309e-01
1.502515083830052163e+03 9.844535589218139648e-01
1.502535916753279935e+03 9.949120879173278809e-01
1.502556749673756940e+03 9.912118315696716309e-01
1.502598415507202617e+03 9.954950213432312012e-01
1.502619248420623080e+03 9.875121712684631348e-01
1.502660914242202125e+03 9.910714626312255859e-01
1.502681747150959609e+03 1.006538748741149902e+00
1.502702580058786225e+03 9.986443519592285156e-01
1.502723412966011665e+03 9.987307786941528320e-01
1.502744245872962210e+03 9.932259321212768555e-01
1.502765078779961414e+03 9.872513413429260254e-01
1.502785911687323733e+03 9.863938093185424805e-01
1.502869243326004153e+03 9.801569581031799316e-01
1.505098362901199835e+03 9.883906841278076172e-01
1.505119195780687960e+03 9.818572998046875000e-01
1.505140028660839334e+03 9.841299653053283691e-01
1.505160861541357008e+03 9.726868867874145508e-01
1.505181694421926977e+03 9.947698116302490234e-01
1.505202527302225690e+03 9.931151270866394043e-01
1.505223360181925273e+03 9.701313376426696777e-01
1.505244193060699672e+03 9.828157424926757812e-01
1.505265025938226927e+03 9.807378649711608887e-01
1.505285858814200083e+03 9.901955723762512207e-01
1.505306691688326055e+03 1.000038743019104004e+00
1.505327524560336997e+03 9.920592904090881348e-01
1.505348357429991211e+03 9.889340400695800781e-01
1.505369190297080195e+03 9.725796580314636230e-01
1.505390023161425916e+03 9.469955563545227051e-01
1.505410856022891039e+03 9.700058102607727051e-01
1.505431688881377568e+03 9.860479831695556641e-01
1.505452521736830477e+03 9.829366803169250488e-01
1.505473354589238170e+03 9.812896251678466797e-01
1.505494187438628614e+03 1.000312924385070801e+00
1.505515020285075479e+03 9.836840629577636719e-01
1.505535853128692906e+03 9.769980907440185547e-01
1.505556685969633463e+03 9.739114046096801758e-01
1.505577518808087234e+03 9.948887825012207031e-01
1.505598351644279546e+03 9.944816827774047852e-01
1.505619184478462557e+03 9.929158687591552734e-01
1.505640017310914800e+03 1.000305652618408203e+00
1.505660850141933906e+03 9.887683391571044922e-01
1.505681682971835244e+03 9.925230741500854492e-01
1.505702515800943274e+03 1.002899527549743652e+00
1.505723348629586553e+03 9.971402883529663086e-01
1.505765014286778523e+03 9.914265275001525879e-01
1.505785847115954539e+03 9.921334981918334961e-01
1.505806679945911355e+03 9.692886471748352051e-01
1.505827512776915228e+03 9.833595752716064453e-01
1.505848345609206262e+03 9.916529059410095215e-01
1.505869178442991370e+03 9.867700934410095215e-01
1.505890011278445627e+03 1.015722513198852539e+00
1.505910844115704776e+03 9.993836283683776855e-01
1.505931676954862269e+03 9.851666092872619629e-01
1.505952509795971991e+03 9.911209940910339355e-01
1.505973342639042585e+03 9.884013533592224121e-01
1.505994175484042671e+03 9.881808757781982422e-01
1.506015008330896990e+03 9.882664084434509277e-01
1.506035841179487534e+03 9.919447302818298340e-01
1.506056674029658325e+03 1.000263333320617676e+00
1.506077506881216777e+03 1.002337217330932617e+00
1.506098339733938246e+03 9.967216849327087402e-01
1.506119172587568073e+03 9.974607825279235840e-01
1.506140005441825906e+03 1.001505136489868164e+00
1.506160838296411839e+03 1.003866314888000488e+00
1.506181671151010278e+03 1.000944972038269043e+00
1.506202504005297897e+03 9.927614927291870117e-01
1.506244169711630093e+03 9.686627388000488281e-01
1.506265002563026883e+03 9.885222911834716797e-01
1.506285835412832512e+03 9.918906092643737793e-01
1.506306668260758670e+03 9.838206171989440918e-01
1.506327501106538648e+03 1.005859494209289551e+00
1.506348333949935977e+03 1.011272907257080078e+00
1.506369166790743748e+03 9.827399253845214844e-01
1.506389999628790292e+03 9.967250823974609375e-01
1.506410832463945326e+03 1.008815407752990723e+00
1.506431665296115398e+03 1.007747769355773926e+00
1.506452498125250258e+03 1.007275462150573730e+00
1.506473330951341950e+03 1.006357550621032715e+00
1.506494163774426397e+03 1.003904461860656738e+00
1.506514996594583408e+03 1.011441230773925781e+00
1.506535829411931672e+03 1.001062512397766113e+00
1.506556662226628305e+03 1.002363324165344238e+00
1.506577495038869074e+03 1.004278421401977539e+00
1.506598327848881127e+03 9.994263052940368652e-01
1.506639993463274095e+03 9.497693181037902832e-01
1.506660826268235724e+03 9.815431833267211914e-01
1.506681659072123466e+03 9.917638301849365234e-01
1.506702491875264059e+03 9.963172078132629395e-01
1.506723324677986056e+03 1.010164976119995117e+00
1.506744157480612785e+03 9.969689846038818359e-01
1.506764990283466659e+03 1.004606842994689941e+00
1.506785823086852133e+03 9.933286905288696289e-01
1.506806655891056607e+03 1.025074720382690430e+00
1.506827488696343607e+03 1.009868621826171875e+00
1.506848321502949148e+03 1.001305222511291504e+00
1.506869154311077182e+03 9.940146207809448242e-01
1.506889987120897331e+03 9.962560534477233887e-01
1.506910819932538971e+03 9.972584843635559082e-01
1.506931652746090322e+03 1.014737606048583984e+00
1.506952485561600497e+03 1.003932952880859375e+00
1.506973318379073817e+03 9.911165237426757812e-01
1.506994151198471627e+03 1.001397013664245605e+00
1.507014984019710710e+03 9.923695325851440430e-01
1.507035816842671466e+03 9.962074756622314453e-01
1.507056649667192914e+03 9.608341455459594727e-01
1.507077482493077696e+03 9.722661375999450684e-01
1.507098315320095708e+03 9.953222870826721191e-01
1.507119148147988199e+03 1.021965861320495605e+00
1.507139980976472543e+03 1.002555727958679199e+00
1.507160813805248608e+03 1.004468321800231934e+00
1.507181646633998298e+03 9.938540458679199219e-01
1.507202479462395786e+03 9.920759201049804688e-01
1.507223312290113881e+03 1.002199411392211914e+00
1.507244145116827212e+03 1.002087950706481934e+00
1.507264977942216092e+03 1.007296681404113770e+00
1.507285810765976748e+03 1.009489417076110840e+00
1.507306643587823601e+03 1.006016016006469727e+00
1.507327476407495624e+03 9.976270794868469238e-01
1.507348309224758623e+03 1.002782464027404785e+00
1.507369142039409098e+03 9.978126883506774902e-01
1.507389974851282432e+03 9.891187548637390137e-01
1.507410807660252431e+03 9.936050176620483398e-01
1.507431640466230647e+03 1.004943847656250000e+00
1.507452473269172515e+03 9.985499978065490723e-01
1.507473306069076443e+03 9.705397486686706543e-01
1.507494138865984723e+03 9.696208238601684570e-01
1.507514971659981029e+03 9.857290387153625488e-01
1.507535804451188596e+03 1.005081176757812500e+00
1.507556637239771362e+03 9.972822070121765137e-01
1.507577470025929870e+03 9.929981231689453125e-01
1.507598302809894449e+03 9.891353249549865723e-01
1.507639968372306839e+03 9.990277290344238281e-01
1.507660801151343776e+03 1.008034348487854004e+00
1.507681633929351619e+03 1.004651665687561035e+00
1.507702466706656423e+03 9.980572462081909180e-01
1.507723299483587653e+03 1.003500938415527344e+00
1.507764965037624734e+03 9.979109168052673340e-01
1.507785797815350179e+03 1.009768843650817871e+00
1.507806630593933278e+03 1.006484866142272949e+00
1.507827463373635055e+03 1.010037183761596680e+00
1.507848296154687205e+03 1.010436654090881348e+00
1.507889961721602276e+03 9.757635593414306641e-01
1.507910794507755099e+03 9.739487767219543457e-01
1.507931627295830822e+03 9.991629123687744141e-01
1.507952460085869461e+03 9.986994862556457520e-01
1.507973292877870563e+03 9.873491525650024414e-01
1.507994125671790471e+03 1.001045107841491699e+00
1.508014958467543238e+03 1.009460210800170898e+00
1.508035791264999943e+03 1.001271367073059082e+00
1.508056624063995287e+03 1.009424924850463867e+00
1.508077456864328269e+03 9.926176071166992188e-01
1.508098289665765378e+03 9.891685843467712402e-01
1.508119122468044452e+03 9.981065988540649414e-01
1.508139955270880137e+03 1.004045724868774414e+00
1.508160788073968433e+03 9.971019029617309570e-01
1.508181620876990564e+03 1.010086059570312500e+00
1.508202453679620248e+03 9.966623187065124512e-01
1.508223286481531659e+03 1.016819596290588379e+00
1.508244119282397605e+03 1.007715702056884766e+00
1.508264952081901356e+03 1.003067970275878906e+00
1.508285784879740504e+03 9.970013499259948730e-01
1.508306617675634016e+03 9.620137214660644531e-01
1.508327450469321775e+03 9.689486026763916016e-01
1.508348283260574362e+03 9.935542345046997070e-01
1.508369116049195554e+03 9.915026426315307617e-01
1.508389948835022778e+03 1.004274487495422363e+00
1.508410781617934617e+03 1.005240917205810547e+00
1.508431614397848762e+03 1.008897066116333008e+00
1.508452447174728377e+03 9.908940196037292480e-01
1.508473279948575055e+03 1.009441494941711426e+00
1.508494112719437453e+03 1.005794167518615723e+00
1.508514945487403338e+03 1.008540630340576172e+00
1.508535778252604814e+03 9.913092851638793945e-01
1.508556611015206954e+03 1.003284215927124023e+00
1.508577443775415759e+03 9.973179101943969727e-01
1.508598276533467242e+03 1.015290617942810059e+00
1.508619109289623793e+03 1.009543538093566895e+00
1.508639942044171676e+03 1.003555417060852051e+00
1.508660774797417616e+03 1.005520224571228027e+00
1.508681607549681758e+03 1.000245332717895508e+00
1.508702440301287879e+03 9.941951036453247070e-01
1.508723273052565901e+03 9.660202860832214355e-01
1.508744105803841649e+03 9.718918204307556152e-01
1.508764938555430945e+03 9.926674365997314453e-01
1.508785771307632785e+03 1.001568436622619629e+00
1.508806604060731615e+03 9.975843429565429688e-01
1.508827436814982775e+03 1.001473903656005859e+00
1.508848269570615457e+03 9.949816465377807617e-01
1.508869102327823612e+03 1.009147644042968750e+00
1.508889935086766400e+03 1.001628160476684570e+00
1.508910767847565921e+03 1.009196162223815918e+00
1.508931600610295391e+03 9.926452636718750000e-01
1.508952433374995053e+03 1.002836704254150391e+00
1.508973266141657405e+03 9.970098137855529785e-01
1.508994098910231287e+03 1.005258917808532715e+00
1.509014931680625295e+03 9.999853968620300293e-01
1.509035764452708236e+03 1.008582592010498047e+00
1.509056597226308440e+03 9.977406263351440430e-01
1.509077430001219000e+03 1.010404467582702637e+00
1.509098262777205491e+03 1.008996009826660156e+00
1.509119095553999841e+03 1.004697561264038086e+00
1.509139928331313968e+03 9.676651954650878906e-01
1.509160761108842735e+03 9.810085892677307129e-01
1.509181593886266910e+03 1.002251982688903809e+00
1.509202426663258393e+03 1.002183914184570312e+00
1.509223259439489766e+03 9.999678134918212891e-01
1.509244092214638158e+03 1.003010511398315430e+00
1.509264924988385474e+03 1.006587862968444824e+00
1.509285757760434080e+03 9.967481493949890137e-01
1.509306590530504309e+03 1.012649655342102051e+00
1.509327423298340818e+03 1.010903239250183105e+00
1.509348256063715553e+03 9.978682398796081543e-01
1.509369088826438428e+03 1.003272294998168945e+00
1.509389921586353012e+03 1.001039743423461914e+00
1.509410754343341523e+03 1.005522966384887695e+00
1.509431587097328247e+03 1.003753066062927246e+00
1.509452419848280897e+03 1.002414822578430176e+00
1.509473252596207431e+03 1.004927277565002441e+00
1.509494085341161508e+03 1.012729644775390625e+00
1.509514918083238854e+03 1.005703449249267578e+00
1.509535750822571572e+03 9.932489395141601562e-01
1.509556583559335195e+03 9.694744944572448730e-01
1.509577416293737315e+03 9.685368537902832031e-01
1.509598249026016447e+03 1.000895619392395020e+00
1.509619081756439982e+03 1.000329017639160156e+00
1.509639914485298732e+03 9.972489476203918457e-01
1.509660747212900333e+03 9.975780844688415527e-01
1.509681579939562653e+03 1.011330485343933105e+00
1.509702412665614474e+03 9.991860985755920410e-01
1.509723245391385035e+03 1.004201531410217285e+00
1.509744078117196750e+03 1.004303693771362305e+00
1.509764910843364987e+03 1.001008272171020508e+00
1.509785743570188970e+03 1.005203723907470703e+00
1.509827409026892155e+03 1.003633379936218262e+00
1.509848241757249752e+03 9.991418719291687012e-01
1.509869074489208060e+03 1.004341483116149902e+00
1.509889907222923284e+03 1.026534795761108398e+00
1.509910739958508884e+03 9.922798871994018555e-01
1.509931572696036483e+03 9.933659434318542480e-01
1.509952405435537457e+03 9.957463145256042480e-01
1.509973238177000894e+03 9.768044352531433105e-01
1.509994070920369268e+03 9.743853807449340820e-01
1.510014903665546171e+03 1.006867527961730957e+00
1.510035736412394272e+03 1.011189579963684082e+00
1.510056569160736899e+03 1.007912278175354004e+00
1.510077401910365325e+03 1.004087448120117188e+00
1.510098234661038077e+03 1.001103639602661133e+00
1.510119067412485265e+03 1.007680773735046387e+00
1.510139900164416531e+03 1.002142667770385742e+00
1.510160732916525603e+03 1.007180809974670410e+00
1.510181565668488247e+03 9.926551580429077148e-01
1.510202398419979772e+03 1.003719806671142578e+00
1.510223231170671852e+03 1.008091926574707031e+00
1.510244063920240478e+03 1.000099539756774902e+00
1.510264896668372330e+03 1.006603717803955078e+00
1.510285729414771140e+03 9.999269843101501465e-01
1.510306562159157693e+03 9.996761679649353027e-01
1.510327394901282560e+03 1.003916501998901367e+00
1.510348227640923596e+03 9.884305596351623535e-01
1.510369060377892765e+03 9.951351284980773926e-01
1.510389893112037498e+03 9.579193592071533203e-01
1.510410725843248883e+03 9.603589177131652832e-01
1.510431558571454616e+03 9.963617324829101562e-01
1.510452391296626729e+03 1.004716634750366211e+00
1.510473224018782730e+03 9.930261373519897461e-01
1.510494056737977871e+03 1.012399196624755859e+00
1.510514889454314243e+03 1.003500580787658691e+00
1.510535722167932363e+03 1.003012537956237793e+00
1.510556554879008445e+03 9.990403056144714355e-01
1.510577387587754629e+03 1.008588194847106934e+00
1.510598220294416251e+03 9.990452527999877930e-01
1.510619052999262067e+03 1.002418875694274902e+00
1.510639885702585616e+03 1.009141683578491211e+00
1.510660718404694990e+03 1.024188280105590820e+00
1.510702383806567696e+03 1.004513978958129883e+00
1.510723216506984727e+03 1.002972006797790527e+00
1.510744049207489297e+03 9.993131160736083984e-01
1.510764881908394500e+03 9.955833554267883301e-01
1.510785714609994784e+03 9.917956590652465820e-01
1.510806547312568227e+03 9.834613800048828125e-01
1.510827380016364486e+03 9.698673486709594727e-01
1.510848212721600703e+03 9.914425015449523926e-01
1.510869045428464915e+03 9.891169667243957520e-01
1.510889878137106052e+03 1.008154273033142090e+00
1.510910710847631890e+03 1.007695674896240234e+00
1.510952376274567769e+03 1.007253408432006836e+00
1.510973208990983949e+03 1.005035638809204102e+00
1.511014874429410384e+03 1.001427173614501953e+00
1.511035707151174847e+03 1.006922483444213867e+00
1.511056539874413147e+03 1.005969524383544922e+00
1.511077372598909051e+03 1.004586696624755859e+00
1.511098205324418586e+03 1.001950383186340332e+00
1.511119038050669815e+03 9.971998333930969238e-01
1.511139870777368742e+03 1.011859297752380371e+00
1.511160703504207049e+03 9.959877729415893555e-01
1.511181536230860502e+03 1.002153515815734863e+00
1.511202368957002591e+03 1.003984332084655762e+00
1.511223201682306126e+03 9.789828062057495117e-01
1.511244034406447781e+03 9.622862935066223145e-01
1.511264867129116283e+03 9.970566034317016602e-01
1.511285699850016499e+03 1.008576989173889160e+00
1.511306532568875127e+03 9.922851920127868652e-01
1.511327365285443875e+03 1.009316086769104004e+00
1.511348197999504919e+03 1.003504991531372070e+00
1.511369030710875904e+03 1.010743260383605957e+00
1.511389863419410858e+03 1.004867076873779297e+00
1.511410696125001778e+03 9.964925646781921387e-01
1.511431528827585225e+03 9.972280859947204590e-01
1.511452361527138464e+03 9.962649941444396973e-01
1.511494026917283236e+03 1.013709783554077148e+00
1.511535692296109119e+03 9.965975880622863770e-01
1.511556524981662733e+03 1.006953716278076172e+00
1.511577357664921010e+03 1.001333117485046387e+00
1.511598190346130650e+03 1.003658294677734375e+00
1.511619023025566776e+03 9.938556551933288574e-01
1.511639855703522699e+03 9.571676254272460938e-01
1.511660688380310603e+03 9.874054193496704102e-01
1.511681521056252905e+03 9.937831759452819824e-01
1.511702353731676340e+03 9.961774349212646484e-01
1.511723186406911054e+03 9.971058964729309082e-01
1.511744019082278101e+03 1.001330256462097168e+00
1.511764851758088525e+03 1.009116053581237793e+00
1.511785684434635868e+03 1.012398242950439453e+00
1.511806517112194797e+03 1.002706885337829590e+00
1.511827349791007919e+03 1.003309726715087891e+00
1.511848182471293285e+03 1.017993211746215820e+00
1.511869015153232340e+03 1.003841400146484375e+00
1.511889847836966737e+03 1.003974676132202148e+00
1.511910680522601751e+03 1.004362821578979492e+00
1.511931513210199000e+03 1.006598114967346191e+00
1.511952345899776901e+03 9.986631274223327637e-01
1.511973178591314309e+03 1.012871146202087402e+00
1.511994011284742101e+03 1.004401087760925293e+00
1.512014843979952502e+03 1.006414055824279785e+00
1.512035676676798630e+03 1.000334978103637695e+00
1.512056509375095175e+03 9.644854664802551270e-01
1.512098174775136158e+03 9.812490344047546387e-01
1.512119007476355591e+03 1.002650141716003418e+00
1.512139840177986798e+03 1.010701894760131836e+00
1.512160672879718504e+03 1.013582229614257812e+00
1.512181505581227384e+03 9.890798926353454590e-01
1.512202338282185565e+03 9.987220168113708496e-01
1.512223170982265174e+03 9.948310256004333496e-01
1.512244003681145614e+03 1.003969311714172363e+00
1.512264836378517884e+03 9.930816888809204102e-01
1.512285669074087991e+03 1.007086515426635742e+00
1.512306501767585360e+03 1.012390255928039551e+00
1.512327334458766472e+03 9.934628605842590332e-01
1.512348167147418053e+03 1.013644814491271973e+00
1.512389832516455726e+03 9.994421601295471191e-01
1.512410665196600348e+03 1.006441712379455566e+00
1.512431497873735225e+03 9.944248795509338379e-01
1.512452330547844667e+03 1.005251169204711914e+00
1.512473163218953914e+03 9.681462645530700684e-01
1.512493995887134133e+03 9.712132215499877930e-01
1.512514828552494919e+03 9.967153072357177734e-01
1.512556493875398473e+03 9.942064285278320312e-01
1.512577326533348241e+03 1.002571582794189453e+00
1.512598159189288026e+03 1.008300900459289551e+00
1.512618991843494769e+03 1.010373592376708984e+00
1.512639824496265419e+03 1.006467342376708984e+00
1.512660657147913753e+03 1.004129648208618164e+00
1.512681489798763550e+03 1.005438804626464844e+00
1.512702322449141775e+03 1.008770227432250977e+00
1.512723155099376754e+03 1.002938985824584961e+00
1.512743987749790222e+03 9.987078905105590820e-01
1.512764820400690041e+03 9.956934452056884766e-01
1.512785653052367934e+03 9.996849298477172852e-01
1.512806485705093337e+03 9.932098388671875000e-01
1.512827318359109995e+03 9.997206926345825195e-01
1.512848151014626865e+03 9.943564534187316895e-01
1.512868983671821525e+03 9.934309124946594238e-01
1.512889816330833128e+03 9.692578911781311035e-01
1.512910648991758308e+03 9.716969132423400879e-01
1.512931481654655499e+03 9.849257469177246094e-01
1.512952314319536981e+03 1.000898122787475586e+00
1.512973146986374331e+03 9.845409989356994629e-01
1.512993979655094563e+03 1.007979393005371094e+00
1.513035644997692089e+03 9.957698583602905273e-01
1.513056477671227412e+03 9.990985393524169922e-01
1.513077310345967589e+03 1.003850102424621582e+00
1.513098143021659780e+03 1.003624320030212402e+00
1.513118975698025906e+03 1.007663965225219727e+00
1.513139808374768563e+03 9.955588579177856445e-01
1.513160641051573748e+03 1.008461713790893555e+00
1.513181473728116316e+03 1.000623941421508789e+00
1.513202306404069532e+03 9.953241944313049316e-01
1.513223139079106204e+03 9.965245127677917480e-01
1.513243971752906418e+03 1.003722667694091797e+00
1.513264804425160946e+03 1.003215909004211426e+00
1.513285637095582160e+03 9.863510131835937500e-01
1.513306469763901077e+03 9.839956760406494141e-01
1.513327302429877591e+03 9.567814469337463379e-01
1.513348135093304109e+03 9.862346649169921875e-01
1.513368967754005553e+03 1.005764365196228027e+00
1.513389800411845954e+03 1.006823062896728516e+00
1.513410633066730270e+03 1.009970545768737793e+00
1.513431465718604613e+03 1.002205491065979004e+00
1.513452298367458070e+03 9.937013983726501465e-01
1.513473131013323609e+03 9.963862299919128418e-01
1.513493963656275128e+03 1.010888814926147461e+00
1.513514796296429267e+03 1.009010672569274902e+00
1.513535628933941098e+03 9.890294671058654785e-01
1.513556461569002977e+03 9.999837279319763184e-01
1.513577294201839095e+03 1.002807378768920898e+00
1.513598126832704565e+03 9.995163679122924805e-01
1.513618959461878831e+03 9.964913129806518555e-01
1.513639792089661796e+03 1.001477718353271484e+00
1.513660624716367238e+03 1.002439737319946289e+00
1.513681457342320982e+03 9.954728484153747559e-01
1.513702289967851812e+03 1.006734728813171387e+00
1.513723122593286462e+03 9.679241180419921875e-01
1.513743955218943256e+03 9.695455431938171387e-01
1.513764787845130286e+03 9.971060752868652344e-01
1.513785620472136770e+03 1.000685214996337891e+00
1.513806453100228509e+03 1.000953435897827148e+00
1.513848118360590206e+03 1.004922986030578613e+00
1.513868950993238059e+03 1.000371217727661133e+00
1.513889783627722181e+03 9.867126345634460449e-01
1.513910616264135342e+03 1.004794239997863770e+00
1.513931448902527791e+03 9.908444285392761230e-01
1.513952281542907940e+03 9.959395527839660645e-01
1.513973114185241002e+03 9.998433589935302734e-01
1.513993946829447850e+03 9.905819892883300781e-01
1.514014779475412524e+03 1.001231193542480469e+00
1.514035612122974953e+03 9.974684119224548340e-01
1.514056444771942097e+03 1.009434819221496582e+00
1.514077277422086581e+03 1.007524728775024414e+00
1.514098110073152611e+03 1.006726741790771484e+00
1.514139775376906300e+03 9.666287899017333984e-01
1.514160608028976640e+03 9.657769203186035156e-01
1.514181440680747073e+03 9.912323951721191406e-01
1.514202273331889728e+03 9.951545596122741699e-01
1.514223105982076959e+03 1.009269475936889648e+00
1.514243938630991124e+03 9.993511438369750977e-01
1.514264771278325497e+03 1.001096367835998535e+00
1.514285603923793360e+03 1.005679011344909668e+00
1.514306436567130049e+03 1.015553832054138184e+00
1.514327269208100233e+03 1.000727057456970215e+00
1.514368934482157101e+03 1.001911401748657227e+00
1.514389767114944789e+03 9.951603412628173828e-01
1.514431432371586425e+03 1.009396791458129883e+00
1.514452264995388532e+03 9.998645782470703125e-01
1.514473097616214318e+03 1.003427863121032715e+00
1.514493930234142908e+03 1.000395059585571289e+00
1.514514762849297085e+03 9.997683167457580566e-01
1.514535595461836238e+03 1.000736713409423828e+00
1.514556428071957271e+03 9.813919663429260254e-01
1.514598093285889945e+03 9.890596866607666016e-01
1.514618925890241826e+03 1.000880956649780273e+00
1.514639758493247427e+03 9.896445870399475098e-01
1.514681423696493766e+03 9.889128208160400391e-01
1.514702256297388203e+03 9.929419755935668945e-01
1.514723088898233073e+03 9.976425766944885254e-01
1.514743921499346698e+03 1.002496123313903809e+00
1.514764754101033759e+03 1.001001834869384766e+00
1.514785586703580975e+03 9.963555335998535156e-01
1.514806419307250962e+03 1.000334620475769043e+00
1.514827251912278143e+03 1.002157807350158691e+00
1.514848084518864880e+03 9.998193979263305664e-01
1.514868917127178293e+03 1.003409028053283691e+00
1.514889749737346165e+03 9.962342381477355957e-01
1.514910582349456263e+03 1.000777840614318848e+00
1.514931414963554062e+03 9.831163883209228516e-01
1.514952247579642062e+03 1.006189584732055664e+00
1.514973080197679337e+03 9.839660525321960449e-01
1.514993912817582441e+03 9.598804712295532227e-01
1.515014745439228591e+03 9.886624813079833984e-01
1.515035578062454078e+03 1.000496149063110352e+00
1.515056410687060861e+03 9.967062473297119141e-01
1.515077243312817927e+03 1.023982524871826172e+00
1.515098075939464479e+03 1.001264095306396484e+00
1.515118908566718574e+03 1.020411491394042969e+00
1.515139741194276212e+03 1.004266262054443359e+00
1.515160573821821345e+03 9.980722069740295410e-01
1.515181406449026781e+03 1.002586841583251953e+00
1.515202239075566695e+03 1.005340099334716797e+00
1.515223071701112758e+03 9.885580539703369141e-01
1.515243904325350059e+03 1.001212477684020996e+00
1.515264736947973006e+03 9.798352122306823730e-01
1.515285569568698747e+03 1.006012916564941406e+00
1.515306402187264894e+03 9.907501339912414551e-01
1.515327234803440206e+03 1.009731054306030273e+00
1.515348067417024367e+03 1.001271247863769531e+00
1.515368900027853442e+03 9.993680715560913086e-01
1.515389732635801693e+03 9.832899570465087891e-01
1.515410565240785218e+03 9.622918963432312012e-01
1.515431397842760589e+03 9.985869526863098145e-01
1.515452230441727579e+03 1.008217573165893555e+00
1.515473063037731436e+03 1.005239367485046387e+00
1.515493895630857651e+03 9.982618093490600586e-01
1.515514728221232417e+03 1.002830982208251953e+00
1.515535560809020581e+03 9.955650568008422852e-01
1.515556393394423139e+03 9.946864247322082520e-01
1.515598058559033689e+03 9.993519783020019531e-01
1.515618891138788513e+03 1.004095435142517090e+00
1.515660556294712251e+03 9.976574778556823730e-01
1.515681388871525542e+03 1.010840058326721191e+00
1.515702221448010050e+03 1.009923577308654785e+00
1.515723054024492512e+03 1.010205149650573730e+00
1.515743886601289205e+03 9.999511837959289551e-01
1.515764719178702535e+03 1.004575729370117188e+00
1.515785551757017174e+03 1.001110315322875977e+00
1.515806384336491192e+03 9.771847128868103027e-01
1.515827216917355599e+03 9.655507802963256836e-01
1.515848049499808440e+03 9.854884147644042969e-01
1.515868882084011375e+03 1.009815692901611328e+00
1.515889714670087869e+03 9.979224801063537598e-01
1.515910547258120232e+03 1.003647208213806152e+00
1.515931379848147117e+03 1.006238222122192383e+00
1.515973045034130564e+03 1.004113674163818359e+00
1.515993877629952067e+03 1.004231810569763184e+00
1.516014710227501837e+03 9.901422262191772461e-01
1.516035542826612073e+03 1.005948066711425781e+00
1.516056375427079956e+03 1.005248308181762695e+00
1.516077208028669929e+03 9.924543499946594238e-01
