1.468286566333643805e+03 9.972407221794128418e-01
1.468307399893204774e+03 9.965983629226684570e-01
1.468328233451565666e+03 1.000129818916320801e+00
1.468349067008397242e+03 9.994700551033020020e-01
1.468369900563387318e+03 1.001390814781188965e+00
1.468411567666697238e+03 1.001868247985839844e+00
1.468432401214515039e+03 9.979637265205383301e-01
1.468453234759489987e+03 1.002767086029052734e+00
1.468474068301460875e+03 1.000457644462585449e+00
1.468494901840305147e+03 1.000506877899169922e+00
1.468515735375940494e+03 1.001030325889587402e+00
1.468536568908328263e+03 1.000843644142150879e+00
1.468557402437477776e+03 1.000071287155151367e+00
1.468578235963443831e+03 9.995216727256774902e-01
1.468599069486321014e+03 9.984757304191589355e-01
1.468619903006249615e+03 1.003694653511047363e+00
1.468640736523406531e+03 9.998281598091125488e-01
1.468661570038007994e+03 1.000691413879394531e+00
1.468682403550302752e+03 9.986079931259155273e-01
1.468703237060567744e+03 1.001455068588256836e+00
1.468724070569102651e+03 9.999404549598693848e-01
1.468744904076227385e+03 9.994649887084960938e-01
1.468765737582275733e+03 1.002008199691772461e+00
1.468786571087588072e+03 1.002093672752380371e+00
1.468807404592506145e+03 9.995785951614379883e-01
1.468828238097368967e+03 1.001498937606811523e+00
1.468849071602501454e+03 9.982018470764160156e-01
1.468869905108218518e+03 9.992555379867553711e-01
1.468890738614811880e+03 9.986003637313842773e-01
1.468911572122544840e+03 9.971756935119628906e-01
1.468932405631651591e+03 1.001276612281799316e+00
1.468953239142333359e+03 1.001204133033752441e+00
1.468974072654750216e+03 1.002071738243103027e+00
1.468994906169024262e+03 1.001423716545104980e+00
1.469015739685234166e+03 1.000200390815734863e+00
1.469036573203410398e+03 9.982634186744689941e-01
1.469057406723542954e+03 9.989522099494934082e-01
1.469078240245577717e+03 9.995149374008178711e-01
1.469099073769414645e+03 9.960573315620422363e-01
1.469119907294909808e+03 1.002099394798278809e+00
1.469140740821883355e+03 1.000785112380981445e+00
1.469161574350118144e+03 1.001553058624267578e+00
1.469182407879361790e+03 1.000009536743164062e+00
1.469203241409338489e+03 1.000539183616638184e+00
1.469224074939745833e+03 9.981903433799743652e-01
1.469244908470260725e+03 1.001773476600646973e+00
1.469265742000551199e+03 1.001235127449035645e+00
1.469286575530276878e+03 9.994270801544189453e-01
1.469307409059095335e+03 1.000842928886413574e+00
1.469328242586669603e+03 9.974012970924377441e-01
1.469349076112673856e+03 9.977808594703674316e-01
1.469369909636793636e+03 9.974147081375122070e-01
1.469390743158742680e+03 9.952991604804992676e-01
1.469411576678257234e+03 9.997568726539611816e-01
1.469432410195104467e+03 9.986042976379394531e-01
1.469453243709087019e+03 9.944334626197814941e-01
1.469474077220045274e+03 1.001850366592407227e+00
1.469494910727860770e+03 1.001289010047912598e+00
1.469515744232459610e+03 1.000648140907287598e+00
1.469536577733811782e+03 1.000594019889831543e+00
1.469557411231928427e+03 1.002079844474792480e+00
1.469578244726870253e+03 9.968868494033813477e-01
1.469599078218738214e+03 9.976624250411987305e-01
1.469619911707677829e+03 1.002692937850952148e+00
1.469640745193872135e+03 9.963813424110412598e-01
1.469661578677541911e+03 9.964362382888793945e-01
1.469682412158938632e+03 9.980077743530273438e-01
1.469703245638341059e+03 9.972363114356994629e-01
1.469724079116054554e+03 9.985283017158508301e-01
1.469744912592401988e+03 1.001698732376098633e+00
1.469765746067715099e+03 1.000211834907531738e+00
1.469786579542336540e+03 9.996442198753356934e-01
1.469807413016608962e+03 1.000701308250427246e+00
1.469828246490867286e+03 1.000264406204223633e+00
1.469849079965437795e+03 9.977772831916809082e-01
1.469869913440631990e+03 1.001504898071289062e+00
1.469890746916736589e+03 1.001462459564208984e+00
1.469911580394013754e+03 1.000273346900939941e+00
1.469932413872692450e+03 9.963735938072204590e-01
1.469953247352967765e+03 9.984529614448547363e-01
1.469974080834996812e+03 1.000841379165649414e+00
1.469994914318896235e+03 9.995663762092590332e-01
1.470015747804735383e+03 9.980123043060302734e-01
1.470036581292543588e+03 9.999260306358337402e-01
1.470057414782302658e+03 9.993097782135009766e-01
1.470078248273951203e+03 9.973626136779785156e-01
1.470099081767384405e+03 9.962897896766662598e-01
1.470119915262455834e+03 9.994512796401977539e-01
1.470140748758978134e+03 1.000659823417663574e+00
1.470161582256729616e+03 9.997199177742004395e-01
1.470182415755455622e+03 9.963220357894897461e-01
1.470203249254874208e+03 9.997758865356445312e-01
1.470224082754681149e+03 9.995470643043518066e-01
1.470244916254554710e+03 1.002035260200500488e+00
1.470265749754158605e+03 1.000356793403625488e+00
1.470286583253150638e+03 9.995688796043395996e-01
1.470307416751190431e+03 1.001088619232177734e+00
1.470328250247942606e+03 1.000074744224548340e+00
1.470349083743081110e+03 1.001111865043640137e+00
1.470369917236297397e+03 1.002299547195434570e+00
1.470390750727306113e+03 9.981108903884887695e-01
1.470411584215846688e+03 1.004056453704833984e+00
1.470432417701691065e+03 9.991507530212402344e-01
1.470453251184647343e+03 9.995429515838623047e-01
1.470474084664562042e+03 9.983293414115905762e-01
1.470494918141321250e+03 1.000565767288208008e+00
1.470515751614856981e+03 9.996514320373535156e-01
1.470536585085142633e+03 1.000341057777404785e+00
1.470557418552198442e+03 1.002570033073425293e+00
1.470578252016090119e+03 9.991987347602844238e-01
1.470599085476924756e+03 1.001049399375915527e+00
1.470619918934851739e+03 9.984655976295471191e-01
1.470640752390060698e+03 1.001127123832702637e+00
1.470661585842774230e+03 1.000988245010375977e+00
1.470682419293249723e+03 1.000715255737304688e+00
1.470703252741770712e+03 1.002511739730834961e+00
1.470724086188642104e+03 1.001647710800170898e+00
1.470744919634189955e+03 1.002790927886962891e+00
1.470765753078750095e+03 1.001547217369079590e+00
1.470786586522661082e+03 1.001037478446960449e+00
1.470807419966266707e+03 1.000663638114929199e+00
1.470828253409901663e+03 9.994966983795166016e-01
1.470849086853889958e+03 1.002709031105041504e+00
1.470869920298540819e+03 9.996213912963867188e-01
1.470890753744138920e+03 1.001289844512939453e+00
1.470911587190940281e+03 1.000018000602722168e+00
1.470932420639170005e+03 9.992303252220153809e-01
1.470953254089019765e+03 9.992673993110656738e-01
1.470974087540639403e+03 1.000701785087585449e+00
1.470994920994138965e+03 9.991184473037719727e-01
1.471015754449585984e+03 1.004284977912902832e+00
1.471036587907002513e+03 1.000719904899597168e+00
1.471057421366363997e+03 9.996736645698547363e-01
1.471078254827602677e+03 1.003960013389587402e+00
1.471099088290610325e+03 9.982296824455261230e-01
1.471119921755230735e+03 9.972630739212036133e-01
1.471140755221274503e+03 1.002004742622375488e+00
1.471161588688518123e+03 1.001058578491210938e+00
1.471182422156698976e+03 9.994403719902038574e-01
1.471203255625534439e+03 9.981149435043334961e-01
1.471224089094716192e+03 1.001860380172729492e+00
1.471244922563919545e+03 1.000544190406799316e+00
1.471265756032807758e+03 9.976622462272644043e-01
1.471286589501040908e+03 1.000745296478271484e+00
1.471307422968277479e+03 1.000290870666503906e+00
1.471328256434181640e+03 1.001298189163208008e+00
1.471349089898431203e+03 1.002501130104064941e+00
1.471369923360718758e+03 9.992569088935852051e-01
1.471390756820762590e+03 1.001864552497863770e+00
1.471411590278305766e+03 1.000360131263732910e+00
1.471432423733125916e+03 1.000808000564575195e+00
1.471453257185035682e+03 1.002504944801330566e+00
1.471474090633885226e+03 1.000857591629028320e+00
1.471494924079568818e+03 9.997593164443969727e-01
1.471849092266917069e+03 1.000578641891479492e+00
1.471932425930177033e+03 9.983966946601867676e-01
1.472078259905692448e+03 1.001793026924133301e+00
1.472099093338256125e+03 1.000539422035217285e+00
1.472119926772411873e+03 1.001921296119689941e+00
1.472265760835745368e+03 1.000626206398010254e+00
1.472286594273201445e+03 9.988746643066406250e-01
1.472307427709616377e+03 9.997480511665344238e-01
1.472349094578000404e+03 1.002337336540222168e+00
1.472390761438407480e+03 1.000845551490783691e+00
1.472432428288722122e+03 9.981582164764404297e-01
1.472453261709571734e+03 1.001159429550170898e+00
1.472474095127345208e+03 1.000510811805725098e+00
1.472494928541940226e+03 9.982214570045471191e-01
1.472515761953301080e+03 9.974528551101684570e-01
1.472536595361412537e+03 1.001595616340637207e+00
1.472557428766305975e+03 1.001093983650207520e+00
1.472599095566790766e+03 1.001350879669189453e+00
1.472619928962658605e+03 1.003153562545776367e+00
1.472640762355863899e+03 9.995715618133544922e-01
1.472661595746638341e+03 1.003630757331848145e+00
1.472682429135245684e+03 9.997535347938537598e-01
1.472703262521976740e+03 9.996285438537597656e-01
1.472724095907143465e+03 1.000958800315856934e+00
1.472744929291070775e+03 9.988093376159667969e-01
1.472765762674098141e+03 1.002404451370239258e+00
1.472786596056567987e+03 1.001297116279602051e+00
1.472807429438818872e+03 9.984448552131652832e-01
1.472828262821185490e+03 1.001797676086425781e+00
1.472849096203990030e+03 1.001757621765136719e+00
1.472869929587531715e+03 1.001519799232482910e+00
1.472890762972089533e+03 1.000923156738281250e+00
1.472911596357914050e+03 9.984372854232788086e-01
1.472932429745220361e+03 1.000585436820983887e+00
1.472953263134189456e+03 9.993786811828613281e-01
1.472974096524961851e+03 9.993762969970703125e-01
1.472994929917636455e+03 1.000440955162048340e+00
1.473015763312266017e+03 1.000550389289855957e+00
1.473036596708863271e+03 1.000982999801635742e+00
1.473057430107391838e+03 1.000198006629943848e+00
1.473078263507773727e+03 9.994048476219177246e-01
1.473099096909886384e+03 1.000129103660583496e+00
1.473119930313567011e+03 9.975317716598510742e-01
1.473140763718615290e+03 9.994932413101196289e-01
1.473161597124796117e+03 9.979463219642639160e-01
1.473182430531843011e+03 9.975228309631347656e-01
1.473203263939464478e+03 9.971975088119506836e-01
1.473224097347349698e+03 9.914760589599609375e-01
1.473244930755167161e+03 9.956234693527221680e-01
1.473265764162580581e+03 9.945951104164123535e-01
1.473286597569250716e+03 9.964203238487243652e-01
1.473307430974834688e+03 9.979056119918823242e-01
1.473328264379000075e+03 1.001793146133422852e+00
1.473349097781426963e+03 1.000569939613342285e+00
1.473369931181817265e+03 1.000116586685180664e+00
1.473390764579892220e+03 9.983081817626953125e-01
1.473411597975405812e+03 1.000281929969787598e+00
1.473432431368142716e+03 1.001512646675109863e+00
1.473453264757926036e+03 9.993339180946350098e-01
1.473474098144616164e+03 9.997779726982116699e-01
1.473494931528119196e+03 1.001454591751098633e+00
1.473515764908382380e+03 9.986429810523986816e-01
1.473536598285398441e+03 9.997731447219848633e-01
1.473557431659204894e+03 9.988502264022827148e-01
1.473578265029883369e+03 1.001569271087646484e+00
1.473599098397558464e+03 9.980484247207641602e-01
1.473619931762394799e+03 9.990634918212890625e-01
1.473640765124596328e+03 1.002374172210693359e+00
1.473661598484400201e+03 1.000259041786193848e+00
1.473682431842073811e+03 1.002621173858642578e+00
1.473703265197909332e+03 9.990375041961669922e-01
1.473724098552221676e+03 9.995873570442199707e-01
1.473744931905340991e+03 9.984644651412963867e-01
1.473765765257604244e+03 9.989214539527893066e-01
1.473786598609354087e+03 9.986213445663452148e-01
1.473807431960931126e+03 1.001857876777648926e+00
1.473828265312666872e+03 9.993931651115417480e-01
1.473849098664879193e+03 9.990320205688476562e-01
1.473869932017867995e+03 1.001548171043395996e+00
1.473890765371907264e+03 9.997267723083496094e-01
1.473911598727241881e+03 9.982956647872924805e-01
1.473932432084084667e+03 9.990987181663513184e-01
1.473953265442611610e+03 1.000571966171264648e+00
1.473974098802955723e+03 1.000810980796813965e+00
1.473994932165211367e+03 9.996842145919799805e-01
1.474015765529428563e+03 1.001280784606933594e+00
1.474036598895610041e+03 1.001062035560607910e+00
1.474057432263714873e+03 9.992195963859558105e-01
1.474078265633660294e+03 9.966078400611877441e-01
1.474099099005315793e+03 9.982664585113525391e-01
1.474119932378515387e+03 1.000494241714477539e+00
1.474140765753054211e+03 9.969775080680847168e-01
1.474161599128692160e+03 9.992907047271728516e-01
1.474182432505159795e+03 9.998068213462829590e-01
1.474203265882162441e+03 1.003758192062377930e+00
1.474224099259384275e+03 9.998717308044433594e-01
1.474244932636496287e+03 1.001178860664367676e+00
1.474265766013160373e+03 1.000550627708435059e+00
1.474286599389034109e+03 9.998784065246582031e-01
1.474307432763777797e+03 9.982156753540039062e-01
1.474328266137061519e+03 9.981527328491210938e-01
1.474349099508565814e+03 9.999588131904602051e-01
1.474369932877994415e+03 9.999578595161437988e-01
1.474390766245075383e+03 9.998208880424499512e-01
1.474411599609564064e+03 9.982115626335144043e-01
1.474432432971250591e+03 1.000837087631225586e+00
1.474453266329963071e+03 1.000613451004028320e+00
1.474474099685568717e+03 1.000609517097473145e+00
1.474494933037976807e+03 1.000308156013488770e+00
1.474515766387140957e+03 9.997274875640869141e-01
1.474536599733060939e+03 9.990074634552001953e-01
1.474557433075778135e+03 9.987258911132812500e-01
1.474578266415381449e+03 1.004939913749694824e+00
1.474599099752001848e+03 1.001228570938110352e+00
1.474619933085807588e+03 9.976060390472412109e-01
1.474786599685848842e+03 9.999139904975891113e-01
1.474807433006754081e+03 1.002124547958374023e+00
1.474828266327860547e+03 1.002195358276367188e+00
1.474911599620290417e+03 1.000032424926757812e+00
1.474974099604673484e+03 1.001096010208129883e+00
1.475015766270311360e+03 1.001069545745849609e+00
1.475036599606074788e+03 9.994981884956359863e-01
1.475057432943753156e+03 9.984982609748840332e-01
1.475119932967164459e+03 1.003071188926696777e+00
1.475161599656274802e+03 1.002791047096252441e+00
1.475182433002155221e+03 9.987242221832275391e-01
1.475203266348529951e+03 9.996496438980102539e-01
1.475244933041481545e+03 9.983784556388854980e-01
1.475265766387386748e+03 1.000439047813415527e+00
1.475286599732455443e+03 1.000799179077148438e+00
1.475307433076352254e+03 1.003166913986206055e+00
1.475349099759317824e+03 1.000275135040283203e+00
1.475369933097780404e+03 1.000418543815612793e+00
1.475390766433858744e+03 9.984245896339416504e-01
1.475411599767315693e+03 9.974055290222167969e-01
1.475432433097946387e+03 9.995305538177490234e-01
1.475453266425582797e+03 1.000643372535705566e+00
1.475474099750097366e+03 1.001321792602539062e+00
1.475494933071406649e+03 9.996610283851623535e-01
1.475536599704289983e+03 1.002119421958923340e+00
1.475557433015918150e+03 9.979198575019836426e-01
1.475578266324446759e+03 1.002737641334533691e+00
1.475599099630010869e+03 9.999008178710937500e-01
1.475619932932787151e+03 9.998096823692321777e-01
1.475640766232986834e+03 9.986360073089599609e-01
1.475661599530855028e+03 1.000859618186950684e+00
1.475682432826669128e+03 9.989839792251586914e-01
1.475703266120725175e+03 1.000932335853576660e+00
1.475724099413342401e+03 1.000710487365722656e+00
1.475744932704853682e+03 9.982953071594238281e-01
1.475765765995600077e+03 9.996444582939147949e-01
1.475786599285920829e+03 1.000635981559753418e+00
1.475807432576156998e+03 9.994092583656311035e-01
1.475828265866636912e+03 1.002454400062561035e+00
1.475849099157673436e+03 1.002527236938476562e+00
1.475869932449559883e+03 9.991207122802734375e-01
1.475890765742564781e+03 9.976942539215087891e-01
1.475911599036924372e+03 1.000617027282714844e+00
1.475932432332841472e+03 9.994331002235412598e-01
1.475953265630481837e+03 1.001111626625061035e+00
1.475974098929968250e+03 9.999669194221496582e-01
1.475994932231382563e+03 9.980294704437255859e-01
1.476015765534763887e+03 9.991769790649414062e-01
1.476036598840102215e+03 9.973738193511962891e-01
1.476057432147346162e+03 9.989241957664489746e-01
1.476078265456400686e+03 9.981039762496948242e-01
1.476099098767125724e+03 9.983903765678405762e-01
1.476119932079344835e+03 9.985789656639099121e-01
1.476140765392842241e+03 9.979087710380554199e-01
1.476161598707370331e+03 9.968928694725036621e-01
1.476182432022652392e+03 9.953626990318298340e-01
1.476224098654261297e+03 9.963569045066833496e-01
1.476244931969933532e+03 9.972594380378723145e-01
1.476286598599324179e+03 9.997336864471435547e-01
1.478140759125462637e+03 8.652052879333496094e-01
1.478161592379054127e+03 8.890246152877807617e-01
1.478182425633323874e+03 9.057317376136779785e-01
1.478203258887964694e+03 9.227502942085266113e-01
1.478224092142653490e+03 9.331901073455810547e-01
1.478244925397054885e+03 9.364221096038818359e-01
1.478265758650827593e+03 9.398472905158996582e-01
1.478286591903630551e+03 9.502004384994506836e-01
1.478307425155128612e+03 9.535997509956359863e-01
1.478349091652924926e+03 9.660723805427551270e-01
1.478390758141856850e+03 9.674809575080871582e-01
1.478474091085975942e+03 9.930532574653625488e-01
1.478494924314157970e+03 9.949848055839538574e-01
1.478703256434671175e+03 9.986387491226196289e-01
1.478953254844363755e+03 1.000498056411743164e+00
1.478974088052731304e+03 1.001215100288391113e+00
1.478994921263045399e+03 9.987584352493286133e-01
1.479036587689550743e+03 9.982069134712219238e-01
1.479057420905646723e+03 1.001921415328979492e+00
1.479078254123502347e+03 1.000435471534729004e+00
1.479099087342963230e+03 1.000312805175781250e+00
1.479119920563835876e+03 9.999923110008239746e-01
1.479140753785893821e+03 1.000510811805725098e+00
1.479182420232495360e+03 9.967778921127319336e-01
1.479203253456444827e+03 9.987885951995849609e-01
1.479224086680398159e+03 9.976866841316223145e-01
1.479244919904019753e+03 9.969449043273925781e-01
1.479265753126967866e+03 9.994572997093200684e-01
1.479286586348901665e+03 9.973852038383483887e-01
1.479307419569485546e+03 9.980002641677856445e-01
1.479328252788398231e+03 9.986878633499145508e-01
1.479349086005334357e+03 9.988286495208740234e-01
1.479390752432176441e+03 1.000861048698425293e+00
1.479411585641606052e+03 9.968898296356201172e-01
1.479432418848115958e+03 9.994342327117919922e-01
1.479453252051559048e+03 9.991547465324401855e-01
1.479474085251830047e+03 9.970006346702575684e-01
1.479494918448866656e+03 1.000559449195861816e+00
1.479515751642652731e+03 9.994385242462158203e-01
1.479536584833216921e+03 9.983075261116027832e-01
1.479557418020630848e+03 1.000777602195739746e+00
1.479578251205010019e+03 9.992093443870544434e-01
1.479599084386511322e+03 1.000292897224426270e+00
1.479619917565329615e+03 9.983453750610351562e-01
1.479640750741695683e+03 9.985681176185607910e-01
1.479661583915870551e+03 1.000032901763916016e+00
1.479682417088142074e+03 9.971335530281066895e-01
1.479703250258821981e+03 1.001608133316040039e+00
1.479724083428235417e+03 9.991393089294433594e-01
1.479744916596717758e+03 1.000098586082458496e+00
1.479765749764613929e+03 1.000078439712524414e+00
1.479786582932262945e+03 9.976872801780700684e-01
1.479807416099999955e+03 9.990600347518920898e-01
1.479828249268145782e+03 1.001490712165832520e+00
1.479849082437004654e+03 1.001693725585937500e+00
1.479869915606855329e+03 9.977855086326599121e-01
1.479890748777952012e+03 1.000085711479187012e+00
1.479911581950512527e+03 1.000398516654968262e+00
1.479932415124721729e+03 1.001604795455932617e+00
1.479953248300723317e+03 1.001899838447570801e+00
1.479974081478618018e+03 9.989771246910095215e-01
1.479994914658465405e+03 1.000736832618713379e+00
1.480015747840279573e+03 9.976009130477905273e-01
1.480036581024028919e+03 9.984610676765441895e-01
1.480057414209638409e+03 9.978538155555725098e-01
1.480078247396987763e+03 9.981768727302551270e-01
1.480099080585919637e+03 9.989402294158935547e-01
1.480119913776235535e+03 9.992107152938842773e-01
1.480140746967704217e+03 9.976123571395874023e-01
1.480161580160060566e+03 9.994150400161743164e-01
1.480182413353015818e+03 9.992977976799011230e-01
1.480203246546258924e+03 9.969307780265808105e-01
1.480224079739462240e+03 9.968369007110595703e-01
1.480244912932289026e+03 9.994402527809143066e-01
1.480265746124397765e+03 1.000872254371643066e+00
1.480286579315447170e+03 9.968608021736145020e-01
1.480307412505103230e+03 9.990198016166687012e-01
1.480328245693047393e+03 9.998956918716430664e-01
1.480349078878976343e+03 9.992939829826354980e-01
1.480369912062611547e+03 1.000639200210571289e+00
1.480390745243702668e+03 9.966941475868225098e-01
1.480411578422032562e+03 9.991080760955810547e-01
1.480432411597420696e+03 9.993095993995666504e-01
1.480453244769725643e+03 9.978404045104980469e-01
1.480474077938846904e+03 9.985302090644836426e-01
1.480494911104730591e+03 9.978088140487670898e-01
1.480515744267363289e+03 9.941822290420532227e-01
1.480536577426782060e+03 1.000699520111083984e+00
1.480557410583063074e+03 9.951561689376831055e-01
1.480578243736327522e+03 9.983566403388977051e-01
1.480599076886737976e+03 9.977695941925048828e-01
1.480619910034493387e+03 9.954921007156372070e-01
1.480640743179828860e+03 1.000995039939880371e+00
1.480661576323009740e+03 1.001260399818420410e+00
1.480682409464328202e+03 9.986734390258789062e-01
1.480703242604095294e+03 9.998018741607666016e-01
1.480724075742638888e+03 1.002221941947937012e+00
1.480744908880297771e+03 1.000486612319946289e+00
1.480765742017412776e+03 9.987882971763610840e-01
1.480786575154326101e+03 1.001870274543762207e+00
1.480807408291369711e+03 1.002507925033569336e+00
1.480828241428863748e+03 1.000014185905456543e+00
1.480849074567108801e+03 9.997519254684448242e-01
1.480869907706380673e+03 9.975190162658691406e-01
1.480890740846928566e+03 9.986941814422607422e-01
1.480911573988967803e+03 9.979530572891235352e-01
1.480932407132675507e+03 9.982623457908630371e-01
1.480953240278191515e+03 9.984447360038757324e-01
1.480974073425611550e+03 1.000678181648254395e+00
1.480994906574989045e+03 9.979528188705444336e-01
1.481015739726330366e+03 9.970830678939819336e-01
1.481036572879600953e+03 9.977189898490905762e-01
1.481057406034717815e+03 9.955379366874694824e-01
1.481078239191557259e+03 9.951405525207519531e-01
1.481099072349954440e+03 1.000746846199035645e+00
1.481119905509708133e+03 9.991275072097778320e-01
1.481140738670580049e+03 9.994889497756958008e-01
1.481161571832304389e+03 1.001214861869812012e+00
1.481182404994586932e+03 9.984351396560668945e-01
1.481203238157116630e+03 1.002959609031677246e+00
1.481224071319562427e+03 9.992920756340026855e-01
1.481244904481587582e+03 1.000494003295898438e+00
1.481265737642848535e+03 1.000359058380126953e+00
1.481349070273615325e+03 1.001885056495666504e+00
1.481369903426202654e+03 9.977439641952514648e-01
1.481390736576216796e+03 1.001090168952941895e+00
1.481411569723444700e+03 9.968568086624145508e-01
1.481432402867708561e+03 9.968162775039672852e-01
1.481453236008875137e+03 9.999171495437622070e-01
1.481474069146848478e+03 9.974336624145507812e-01
1.481494902281579471e+03 1.000496149063110352e+00
1.481515735413063794e+03 9.980503320693969727e-01
1.481536568541339648e+03 1.000466108322143555e+00
1.481557401666492069e+03 9.997541308403015137e-01
1.481578234788646341e+03 9.974628686904907227e-01
1.481599067907970721e+03 1.000410318374633789e+00
1.481619901024669844e+03 9.987524151802062988e-01
1.481640734138982452e+03 9.992296099662780762e-01
1.481661567251177075e+03 9.957813620567321777e-01
1.481682400361549298e+03 9.979673624038696289e-01
1.481703233470411760e+03 1.000723004341125488e+00
1.481724066578095744e+03 1.001734018325805664e+00
1.481744899684939355e+03 1.002076745033264160e+00
1.481765732791285245e+03 1.002763390541076660e+00
1.481786565897471974e+03 9.997438192367553711e-01
1.481807399003833552e+03 1.001455903053283691e+00
1.481828232110685803e+03 1.000395536422729492e+00
1.481849065218327269e+03 1.001087903976440430e+00
1.481869898327030796e+03 9.997709989547729492e-01
1.481890731437040586e+03 1.001660823822021484e+00
1.481911564548567412e+03 9.999980926513671875e-01
1.481932397661784080e+03 1.000968456268310547e+00
1.481953230776822920e+03 1.002433776855468750e+00
1.481974063893776929e+03 9.970489144325256348e-01
1.481994897012690217e+03 1.000573277473449707e+00
1.482015730133567786e+03 1.001162409782409668e+00
1.482036563256364616e+03 1.001399397850036621e+00
1.482057396380994533e+03 1.001986026763916016e+00
1.482078229507328842e+03 1.001647591590881348e+00
1.482099062635196560e+03 1.001442432403564453e+00
1.482119895764391231e+03 9.997535347938537598e-01
1.482140728894672293e+03 1.003527998924255371e+00
1.482161562025768944e+03 1.000916600227355957e+00
1.482182395157383326e+03 1.000485777854919434e+00
1.482203228289201434e+03 1.002071499824523926e+00
1.482224061420894486e+03 9.996824860572814941e-01
1.482244894552121195e+03 1.002084374427795410e+00
1.482265727682540273e+03 9.974302053451538086e-01
1.482286560811812933e+03 1.001172304153442383e+00
1.482307393939606982e+03 1.002504706382751465e+00
1.482328227065608189e+03 1.002528548240661621e+00
1.482349060189519150e+03 9.995458126068115234e-01
1.482369893311068154e+03 9.978367090225219727e-01
1.482390726430014638e+03 9.977067112922668457e-01
1.482411559546149874e+03 9.993008375167846680e-01
1.482432392659300831e+03 1.002497315406799316e+00
1.482453225769339952e+03 1.000691533088684082e+00
1.482474058876177196e+03 9.991255998611450195e-01
1.482494891979770273e+03 9.998806118965148926e-01
1.482515725080118273e+03 9.997609853744506836e-01
1.482536558177267580e+03 9.983949065208435059e-01
1.482557391271308006e+03 1.002166032791137695e+00
1.482578224362370520e+03 9.990487694740295410e-01
1.482599057450628152e+03 1.000996232032775879e+00
1.482619890536288949e+03 1.002606272697448730e+00
1.482640723619599157e+03 1.000702738761901855e+00
1.482661556700829351e+03 9.998149871826171875e-01
1.482682389780276708e+03 1.003156304359436035e+00
1.482703222858257732e+03 1.002379298210144043e+00
1.482724055935105298e+03 9.994263052940368652e-01
1.482744889011157738e+03 1.001088619232177734e+00
1.482765722086757933e+03 9.978421926498413086e-01
1.482786555162243985e+03 1.000021338462829590e+00
1.482807388237946498e+03 1.001660585403442383e+00
1.482828221314182201e+03 9.996330738067626953e-01
1.482849054391243726e+03 9.977432489395141602e-01
1.482869887469401192e+03 9.994003176689147949e-01
1.482890720548895843e+03 9.962188601493835449e-01
1.482911553629931404e+03 1.002970099449157715e+00
1.482932386712678181e+03 9.981048107147216797e-01
1.482953219797263273e+03 1.002293944358825684e+00
1.482974052883770582e+03 1.000569820404052734e+00
1.482994885972242628e+03 1.000943779945373535e+00
1.483015719062675089e+03 1.000560045242309570e+00
1.483036552155018626e+03 1.000047564506530762e+00
1.483057385249181607e+03 1.000046372413635254e+00
1.483078218345029427e+03 1.002363801002502441e+00
1.483099051442386326e+03 1.001019358634948730e+00
1.483119884541041301e+03 9.993642568588256836e-01
1.483140717640749699e+03 1.000236511230468750e+00
1.483161550741236169e+03 1.000740647315979004e+00
1.483182383842201943e+03 1.001761674880981445e+00
1.483203216943329835e+03 1.003247022628784180e+00
1.483224050044287196e+03 1.002645850181579590e+00
1.483244883144735695e+03 9.993074536323547363e-01
1.483265716244332907e+03 1.000665426254272461e+00
1.483286549342739136e+03 1.000529408454895020e+00
1.483307382439625371e+03 1.001472711563110352e+00
1.483328215534679202e+03 1.001567244529724121e+00
1.483349048627606180e+03 1.003367781639099121e+00
1.483369881718139368e+03 1.000218033790588379e+00
1.483390714806040478e+03 1.002692937850952148e+00
1.483411547891105329e+03 9.999503493309020996e-01
1.483432380973169529e+03 9.999418258666992188e-01
1.483453214052106659e+03 1.000031828880310059e+00
1.483474047127835092e+03 1.002173662185668945e+00
1.483494880200317766e+03 1.000729084014892578e+00
1.483515713269560365e+03 1.001399517059326172e+00
1.483536546335613593e+03 1.001591205596923828e+00
1.483557379398573403e+03 9.994918704032897949e-01
1.483578212458577582e+03 1.002920985221862793e+00
1.483599045515803027e+03 1.001307368278503418e+00
1.483619878570463015e+03 9.999489784240722656e-01
1.483640711622806066e+03 9.993328452110290527e-01
1.483661544673108210e+03 1.000427484512329102e+00
1.483682377721668445e+03 1.000220298767089844e+00
1.483703210768806457e+03 1.000173211097717285e+00
1.483724043814855349e+03 1.000151753425598145e+00
1.483744876860154591e+03 9.999706149101257324e-01
1.483765709905047061e+03 9.987894296646118164e-01
1.483786542949869954e+03 1.001577138900756836e+00
1.483807375994953873e+03 1.002074480056762695e+00
1.483828209040609863e+03 1.002400398254394531e+00
1.483849042087129419e+03 1.001478195190429688e+00
1.483869875134779704e+03 1.003491997718811035e+00
1.483890708183796050e+03 9.979794025421142578e-01
1.483911541234380820e+03 1.000261306762695312e+00
1.483932374286694994e+03 9.990309476852416992e-01
1.483953207340862264e+03 9.994803667068481445e-01
1.483974040396961982e+03 1.000453591346740723e+00
1.483994873455028028e+03 9.984315633773803711e-01
1.484015706515052216e+03 1.001497864723205566e+00
1.484036539576979976e+03 9.999389648437500000e-01
1.484057372640712401e+03 1.001027107238769531e+00
1.484078205706108747e+03 9.981971979141235352e-01
1.484099038772990298e+03 9.979383945465087891e-01
1.484119871841140139e+03 9.997096657752990723e-01
1.484140704910309523e+03 9.997029304504394531e-01
1.484161537980219691e+03 1.001824736595153809e+00
1.484182371050570282e+03 1.001283407211303711e+00
1.484203204121041608e+03 1.002683043479919434e+00
1.484224037191298521e+03 1.002034306526184082e+00
1.484244870261002461e+03 1.001387596130371094e+00
1.484265703329811004e+03 9.997767210006713867e-01
1.484286536397386044e+03 1.001744031906127930e+00
1.484307369463401074e+03 1.002115845680236816e+00
1.484328202527543908e+03 9.983158707618713379e-01
1.484349035589525101e+03 1.000931262969970703e+00
1.484369868649079990e+03 1.000571012496948242e+00
1.484390701705975516e+03 1.001901388168334961e+00
1.484432367811033146e+03 1.001079440116882324e+00
1.484453200858912169e+03 1.001832365989685059e+00
1.484474033903577492e+03 1.001958847045898438e+00
1.484494866944994783e+03 9.969915151596069336e-01
1.484515699983177456e+03 9.988347291946411133e-01
1.484536533018182354e+03 9.988995790481567383e-01
1.484557366050110886e+03 9.984608888626098633e-01
1.484578199079105161e+03 9.987617135047912598e-01
1.484599032105347760e+03 1.000569581985473633e+00
1.484619865129057189e+03 9.990788102149963379e-01
1.484640698150484923e+03 9.986095428466796875e-01
1.484661531169910631e+03 1.000190734863281250e+00
1.484682364187636722e+03 9.975496530532836914e-01
1.484703197203985383e+03 1.001534819602966309e+00
1.484724030219288807e+03 1.000552535057067871e+00
1.484744863233889419e+03 9.982672929763793945e-01
1.484765696248130325e+03 9.966200590133666992e-01
1.484786529262347585e+03 1.000841975212097168e+00
1.484807362276866797e+03 1.000918269157409668e+00
1.484828195291999236e+03 9.995024204254150391e-01
1.484849028308033439e+03 1.001028537750244141e+00
1.484869861325232478e+03 9.991061687469482422e-01
1.484890694343827590e+03 9.987747073173522949e-01
1.484911527364015001e+03 9.995449781417846680e-01
1.484932360385951824e+03 1.000787377357482910e+00
1.484953193409755841e+03 1.000361919403076172e+00
1.484974026435500264e+03 1.000948429107666016e+00
1.484994859463214198e+03 1.000479221343994141e+00
1.485015692492882636e+03 1.002269268035888672e+00
1.485057358557797443e+03 9.990127086639404297e-01
1.485078191592794155e+03 9.997782707214355469e-01
1.485099024629251744e+03 9.980750679969787598e-01
1.485119857666947610e+03 9.980888962745666504e-01
1.485140690705629368e+03 9.988831281661987305e-01
1.485182356784800959e+03 1.001449823379516602e+00
1.485224022864274048e+03 1.003138065338134766e+00
1.485244855903286179e+03 1.000326514244079590e+00
1.485265688941359258e+03 1.001889348030090332e+00
1.485286521978157225e+03 9.982978701591491699e-01
1.485307355013354254e+03 1.001487970352172852e+00
1.485328188046641799e+03 1.002125740051269531e+00
1.485349021077731777e+03 9.997218847274780273e-01
1.485369854106365210e+03 1.001650571823120117e+00
1.485390687132312223e+03 1.001794457435607910e+00
1.485411520155378639e+03 1.002767562866210938e+00
1.485432353175409617e+03 1.003107428550720215e+00
1.485453186192292378e+03 1.001709461212158203e+00
1.485474019205954619e+03 1.003218293190002441e+00
1.485494852216369281e+03 1.001547098159790039e+00
1.485515685223555238e+03 1.002239584922790527e+00
1.485536518227575925e+03 1.000068426132202148e+00
1.485557351228537527e+03 1.002153515815734863e+00
1.485578184226587609e+03 9.962258338928222656e-01
1.485599017221915346e+03 1.002943873405456543e+00
1.485619850214743110e+03 1.000638008117675781e+00
1.485640683205325331e+03 1.000126838684082031e+00
1.485661516193945090e+03 9.973050951957702637e-01
1.485682349180908432e+03 1.000468850135803223e+00
1.485703182166538909e+03 9.976176619529724121e-01
1.485724015151170761e+03 1.001277804374694824e+00
1.485744848135146185e+03 9.986670613288879395e-01
1.485765681118806697e+03 9.982942938804626465e-01
1.485786514102489264e+03 1.001854658126831055e+00
1.485807347086517666e+03 1.001774072647094727e+00
1.485828180071199768e+03 1.002072811126708984e+00
1.485849013056821150e+03 1.002763986587524414e+00
1.485869846043641246e+03 9.997727274894714355e-01
1.485890679031886293e+03 1.002270698547363281e+00
1.485911512021748194e+03 1.001360654830932617e+00
1.485932345013379972e+03 9.992747902870178223e-01
1.485953178006890994e+03 9.989384412765502930e-01
1.485974011002351062e+03 9.995641708374023438e-01
1.485994843999782688e+03 1.000654697418212891e+00
1.486015676999165635e+03 9.988791942596435547e-01
1.486036510000432145e+03 1.000442624092102051e+00
1.486057343003474443e+03 9.976665377616882324e-01
1.486078176008141099e+03 9.974867701530456543e-01
1.486099009014241574e+03 9.982014298439025879e-01
1.486119842021553268e+03 1.000891327857971191e+00
1.486140675029816293e+03 1.001461744308471680e+00
1.486161508038745524e+03 1.002035498619079590e+00
1.486182341048036051e+03 1.001054763793945312e+00
1.486203174057363867e+03 9.984979629516601562e-01
1.486224007066393142e+03 1.000446200370788574e+00
1.486244840074781450e+03 9.992908239364624023e-01
1.486265673082188641e+03 1.002706766128540039e+00
1.486286506088278884e+03 1.001697659492492676e+00
1.486307339092729080e+03 1.001151800155639648e+00
1.486328172095231821e+03 9.990447759628295898e-01
1.486349005095503117e+03 9.965109825134277344e-01
1.486369838093287854e+03 1.000992655754089355e+00
1.486390671088360250e+03 1.001065135002136230e+00
1.486411504080531358e+03 9.982365965843200684e-01
1.486432337069651339e+03 9.986357688903808594e-01
1.486453170055613100e+03 1.000979065895080566e+00
1.486474003038350020e+03 1.000570058822631836e+00
1.486494836017842090e+03 1.005830049514770508e+00
1.486515668994112730e+03 1.001126527786254883e+00
1.486536501967231288e+03 1.002565264701843262e+00
1.486557334937310316e+03 1.001728653907775879e+00
1.486578167904502607e+03 1.001509666442871094e+00
1.486599000869000520e+03 1.000776529312133789e+00
1.486619833831031201e+03 1.001420736312866211e+00
1.486640666790854766e+03 9.999982118606567383e-01
1.486661499748756569e+03 1.000099778175354004e+00
1.486682332705046065e+03 1.000027537345886230e+00
1.486703165660046807e+03 1.001160383224487305e+00
1.486723998614096217e+03 1.000436544418334961e+00
1.486744831567534675e+03 9.993035793304443359e-01
1.486765664520705741e+03 9.996111392974853516e-01
1.486786497473943655e+03 1.001266121864318848e+00
1.486807330427571515e+03 9.962029457092285156e-01
1.486828163381891954e+03 1.002513527870178223e+00
1.486848996337190556e+03 9.977678060531616211e-01
1.486869829293720613e+03 9.993981122970581055e-01
1.486890662251706317e+03 9.975020289421081543e-01
1.486911495211332522e+03 9.991993308067321777e-01
1.486932328172746338e+03 9.952211380004882812e-01
1.486953161136054860e+03 9.970487952232360840e-01
1.486973994101319249e+03 9.965484142303466797e-01
1.486994827068557470e+03 1.000502347946166992e+00
1.487015660037741782e+03 1.001372456550598145e+00
1.487036493008801244e+03 9.992625713348388672e-01
1.487057325981619897e+03 1.000163435935974121e+00
1.487078158956041989e+03 1.000404119491577148e+00
1.487098991931874480e+03 1.000725626945495605e+00
1.487119824908885221e+03 1.000851631164550781e+00
1.487140657886814779e+03 9.979921579360961914e-01
1.487161490865373935e+03 9.980713129043579102e-01
1.487182323844254825e+03 9.932014346122741699e-01
1.487203156823131167e+03 9.986267089843750000e-01
1.487223989801666903e+03 9.990066289901733398e-01
1.487244822779518245e+03 9.988341927528381348e-01
1.487265655756345950e+03 1.000434517860412598e+00
1.487286488731816235e+03 1.000101447105407715e+00
1.487307321705607819e+03 9.997851252555847168e-01
1.487328154677414659e+03 1.000287413597106934e+00
1.487348987646957994e+03 1.000725865364074707e+00
1.487369820613985212e+03 9.968913793563842773e-01
1.487390653578275533e+03 9.971125721931457520e-01
1.487411486539644784e+03 1.001763582229614258e+00
1.487432319497949720e+03 1.000045657157897949e+00
1.487453152453085750e+03 9.998468756675720215e-01
1.487473985404993755e+03 9.983959794044494629e-01
1.487494818353659866e+03 1.003398060798645020e+00
1.487515651299112960e+03 1.002672195434570312e+00
1.487557317180725931e+03 9.998118877410888672e-01
1.487578150117160931e+03 1.001364469528198242e+00
1.487598983050931338e+03 1.001596689224243164e+00
1.487619815982269984e+03 1.000646114349365234e+00
1.487640648911439484e+03 9.995341300964355469e-01
1.487661481838728150e+03 1.002191424369812012e+00
1.487682314764446801e+03 1.000416398048400879e+00
1.487703147688924901e+03 1.000252008438110352e+00
1.487723980612498508e+03 1.000671625137329102e+00
1.487744813535508911e+03 1.001683235168457031e+00
1.487765646458298534e+03 1.000632524490356445e+00
1.487786479381199342e+03 1.000989198684692383e+00
1.487807312304532161e+03 1.001958727836608887e+00
1.487828145228600988e+03 1.002107024192810059e+00
1.487848978153684584e+03 1.001978397369384766e+00
1.487869811080033742e+03 1.001284956932067871e+00
1.487890644007865376e+03 1.000657439231872559e+00
1.487911476937362295e+03 1.001104116439819336e+00
1.487932309868665925e+03 9.970108866691589355e-01
1.487953142801877448e+03 1.000151157379150391e+00
1.487973975737051205e+03 9.975643157958984375e-01
1.487994808674200385e+03 1.000386357307434082e+00
1.488036474554247661e+03 1.001860499382019043e+00
1.488057307496946351e+03 9.978010058403015137e-01
1.488078140441228697e+03 1.001137137413024902e+00
1.488098973386894158e+03 9.994549751281738281e-01
1.488119806333708311e+03 1.000167012214660645e+00
1.488161472229699712e+03 9.985573887825012207e-01
1.488182305178274191e+03 9.986827969551086426e-01
1.488223971074947940e+03 1.001515030860900879e+00
1.488244804022367589e+03 1.000520944595336914e+00
1.488307302856916522e+03 1.000209450721740723e+00
1.488390634607052561e+03 1.001515984535217285e+00
1.488453133389753020e+03 1.000613093376159668e+00
1.488473966310946025e+03 9.988805651664733887e-01
1.488578130869711913e+03 9.990875720977783203e-01
1.488619796673642441e+03 1.000701546669006348e+00
1.488640629572278385e+03 1.001552343368530273e+00
1.488661462469076923e+03 1.002486348152160645e+00
1.488682295364351603e+03 1.001464366912841797e+00
1.488723961151652020e+03 9.997624754905700684e-01
1.488744794044358741e+03 1.000790476799011230e+00
1.488765626936889475e+03 9.965670108795166016e-01
1.488786459829577780e+03 1.003388524055480957e+00
1.488807292722742204e+03 9.985058903694152832e-01
1.488828125616683110e+03 9.978619217872619629e-01
1.488848958511675619e+03 9.996820688247680664e-01
1.488890624305770189e+03 9.998750090599060059e-01
1.488911457205261968e+03 9.995173811912536621e-01
1.488953123009813908e+03 9.981178641319274902e-01
1.488973955915020497e+03 9.973075389862060547e-01
1.489057287554997401e+03 9.995020031929016113e-01
1.489536444414725793e+03 1.000882625579833984e+00
1.489557277292828530e+03 9.979996085166931152e-01
1.489598943040815811e+03 9.984291195869445801e-01
1.489640608779390959e+03 9.917345643043518066e-01
1.489661441645838522e+03 9.955368638038635254e-01
1.489682274510807019e+03 9.934156537055969238e-01
1.489723940237637180e+03 9.990269541740417480e-01
1.489744773100180282e+03 9.972724318504333496e-01
1.489765605962593554e+03 9.992938637733459473e-01
1.489786438825210553e+03 9.999153017997741699e-01
1.489807271688347555e+03 9.985865950584411621e-01
1.489828104552301966e+03 9.979895949363708496e-01
1.489848937417345496e+03 1.002190947532653809e+00
1.489869770283720072e+03 1.000001788139343262e+00
1.489890603151634195e+03 9.991925954818725586e-01
1.489911436021261579e+03 1.000675439834594727e+00
1.489932268892730463e+03 9.993470907211303711e-01
1.489953101766132249e+03 1.001829504966735840e+00
1.489973934641509686e+03 9.988080859184265137e-01
1.489994767518864819e+03 9.998726844787597656e-01
1.490015600398150582e+03 9.974009990692138672e-01
1.490036433279279436e+03 1.000735998153686523e+00
