1.468619956109596842e+03 1.023518323898315430e+00
1.468640789679532645e+03 1.028719067573547363e+00
1.468661623248451633e+03 1.024854779243469238e+00
1.468682456816356762e+03 1.024286627769470215e+00
1.468703290383245303e+03 1.025761604309082031e+00
1.468724123949121804e+03 1.021186947822570801e+00
1.468744957513985355e+03 1.025034427642822266e+00
1.468765791077833001e+03 1.018627285957336426e+00
1.468786624640673381e+03 1.024234890937805176e+00
1.468807458202501721e+03 1.022722005844116211e+00
1.468828291763322568e+03 1.021990180015563965e+00
1.468849125323134331e+03 1.018462657928466797e+00
1.468869958881936554e+03 1.020600080490112305e+00
1.468890792439735151e+03 1.024520397186279297e+00
1.468911625996526936e+03 1.019008636474609375e+00
1.468932459552313730e+03 1.021635532379150391e+00
1.468953293107096670e+03 1.021627187728881836e+00
1.468994960213651211e+03 1.018092751502990723e+00
1.469015793765427588e+03 1.017875432968139648e+00
1.469036627316201248e+03 1.017599940299987793e+00
1.469057460865976736e+03 1.017750024795532227e+00
1.469078294414750872e+03 1.016649603843688965e+00
1.469099127962526609e+03 1.018301367759704590e+00
1.469119961509306449e+03 1.018483161926269531e+00
1.469140795055087438e+03 1.017012119293212891e+00
1.469161628599873893e+03 1.019519925117492676e+00
1.469182462143662860e+03 1.019929170608520508e+00
1.469203295686457068e+03 1.018287658691406250e+00
1.469224129228258789e+03 1.024234652519226074e+00
1.469244962769065296e+03 1.021441578865051270e+00
1.469265796308880681e+03 1.021116137504577637e+00
1.469286629847702216e+03 1.020253062248229980e+00
1.469307463385531946e+03 1.022238612174987793e+00
1.469328296922371919e+03 1.023923873901367188e+00
1.469349130458222817e+03 1.019731163978576660e+00
1.469369963993081910e+03 1.014326095581054688e+00
1.469390797526952383e+03 1.020703673362731934e+00
1.469411631059836282e+03 1.018955588340759277e+00
1.469432464591730650e+03 1.019590258598327637e+00
1.469453298122639808e+03 1.014814496040344238e+00
1.469474131652560573e+03 1.015855193138122559e+00
1.469494965181495218e+03 1.022532343864440918e+00
1.469515798709446244e+03 1.016888022422790527e+00
1.469536632236410924e+03 1.018204689025878906e+00
1.469557465762392894e+03 1.017671942710876465e+00
1.469578299287389427e+03 1.016500830650329590e+00
1.469599132811404388e+03 1.017646789550781250e+00
1.469619966334435048e+03 1.020492434501647949e+00
1.469640799856483227e+03 1.011854648590087891e+00
1.469661633377550743e+03 1.015504002571105957e+00
1.469682466897638278e+03 1.012878894805908203e+00
1.469703300416743105e+03 1.015855908393859863e+00
1.469724133934867723e+03 1.009464144706726074e+00
1.469744967452013725e+03 1.013838291168212891e+00
1.469765800968180429e+03 1.010728716850280762e+00
1.469786634483369426e+03 1.012029170989990234e+00
1.469807467997577760e+03 1.013773918151855469e+00
1.469828301510810434e+03 1.011532425880432129e+00
1.469849135023063582e+03 1.011817574501037598e+00
1.469869968534339705e+03 1.012769341468811035e+00
1.469890802044640168e+03 1.010115623474121094e+00
1.469911635553964516e+03 1.011080145835876465e+00
1.469932469062312975e+03 1.011309266090393066e+00
1.469953302569686230e+03 1.016276121139526367e+00
1.469974136076083369e+03 1.012804269790649414e+00
1.469994969581506666e+03 1.014127254486083984e+00
1.470015803085956804e+03 1.014044284820556641e+00
1.470036636589431282e+03 1.014030814170837402e+00
1.470057470091933737e+03 1.012311339378356934e+00
1.470078303593459395e+03 1.014426231384277344e+00
1.470099137094015987e+03 1.013742804527282715e+00
1.470119970593600101e+03 1.012158989906311035e+00
1.470140804092209919e+03 1.013986945152282715e+00
1.470161637589850216e+03 1.011498689651489258e+00
1.470182471086517580e+03 1.013737797737121582e+00
1.470203304582211786e+03 1.014132857322692871e+00
1.470224138076937152e+03 1.016103625297546387e+00
1.470244971570691632e+03 1.015751123428344727e+00
1.470265805063475909e+03 1.012589931488037109e+00
1.470286638555291120e+03 1.017176628112792969e+00
1.470307472046134308e+03 1.014385819435119629e+00
1.470328305536007974e+03 1.013760566711425781e+00
1.470349139024914166e+03 1.011127829551696777e+00
1.470369972512849472e+03 1.013676524162292480e+00
1.470390805999817985e+03 1.014657974243164062e+00
1.470411639485815840e+03 1.017044305801391602e+00
1.470432472970846220e+03 1.016190290451049805e+00
1.470453306454908670e+03 1.012970328330993652e+00
1.470474139938002054e+03 1.013757467269897461e+00
1.470494973420128645e+03 1.016624927520751953e+00
1.470515806901288670e+03 1.014776468276977539e+00
1.470536640381479401e+03 1.016011595726013184e+00
1.470557473860704931e+03 1.015736579895019531e+00
1.470578307338960485e+03 1.014213085174560547e+00
1.470599140816251293e+03 1.015082001686096191e+00
1.470619974292576671e+03 1.016619205474853516e+00
1.470640807767933211e+03 1.015726447105407715e+00
1.470661641242325686e+03 1.011584162712097168e+00
1.470682474715750914e+03 1.010360360145568848e+00
1.470703308188208894e+03 1.012127637863159180e+00
1.470724141659702127e+03 1.010195255279541016e+00
1.470744975130228568e+03 1.011160612106323242e+00
1.470765808599790262e+03 1.013059139251708984e+00
1.470786642068387437e+03 1.013763904571533203e+00
1.470807475536017137e+03 1.014580249786376953e+00
1.470828309002683682e+03 1.011382937431335449e+00
1.470849142468382524e+03 1.009614109992980957e+00
1.470869975933116621e+03 1.009208679199218750e+00
1.470890809396887335e+03 1.010132670402526855e+00
1.470911642859691256e+03 1.010188341140747070e+00
1.470932476321531112e+03 1.012216329574584961e+00
1.470953309782406905e+03 1.009745478630065918e+00
1.470974143242316131e+03 1.012229681015014648e+00
1.470994976701261294e+03 1.010348677635192871e+00
1.471015810159241937e+03 1.010601401329040527e+00
1.471036643616256924e+03 1.011744379997253418e+00
1.471057477072308757e+03 1.007437705993652344e+00
1.471078310527394251e+03 1.007484078407287598e+00
1.471099143981517045e+03 1.005923390388488770e+00
1.471119977434674183e+03 1.008459687232971191e+00
1.471140810886864529e+03 1.004667639732360840e+00
1.471161644338093538e+03 1.011836171150207520e+00
1.471182477788356437e+03 1.008413314819335938e+00
1.471203311237653907e+03 1.003064990043640137e+00
1.471224144685988676e+03 1.006048321723937988e+00
1.471244978133356653e+03 1.008999228477478027e+00
1.471265811579761703e+03 1.006415843963623047e+00
1.471286645025200187e+03 1.006540536880493164e+00
1.471307478469673470e+03 1.010351657867431641e+00
1.471328311913184052e+03 1.006130099296569824e+00
1.471349145355728524e+03 1.008945107460021973e+00
1.471369978797308022e+03 1.008961319923400879e+00
1.471390812237922091e+03 1.009126543998718262e+00
1.471411645677570050e+03 1.008578538894653320e+00
1.471432479116253717e+03 1.008740305900573730e+00
1.472161648860840387e+03 9.991821646690368652e-01
1.472182482264655619e+03 9.977429509162902832e-01
1.472203315667498600e+03 9.990901947021484375e-01
1.472224149069368877e+03 9.988097548484802246e-01
1.472244982470263039e+03 9.999427795410156250e-01
1.472265815870182678e+03 1.000059127807617188e+00
1.472286649269129839e+03 1.001162886619567871e+00
1.472307482667099748e+03 9.982942938804626465e-01
1.472328316064096043e+03 9.991853237152099609e-01
1.472349149460114404e+03 1.002243161201477051e+00
1.472369982855158696e+03 1.001214027404785156e+00
1.472390816249224827e+03 9.996796250343322754e-01
1.472411649642313023e+03 1.002353906631469727e+00
1.472432483034425786e+03 1.001875042915344238e+00
1.472453316425558342e+03 1.006407141685485840e+00
1.472474149815712508e+03 1.003621578216552734e+00
1.472494983204889877e+03 1.004774570465087891e+00
1.472515816593085674e+03 1.003319978713989258e+00
1.472536649980303991e+03 1.002838850021362305e+00
1.472557483366540737e+03 1.002426385879516602e+00
1.472578316751795683e+03 1.003145575523376465e+00
1.472599150136071785e+03 1.004952549934387207e+00
1.472619983519365860e+03 9.999191761016845703e-01
1.472640816901673816e+03 1.001678228378295898e+00
1.472661650283002928e+03 1.000964045524597168e+00
1.472682483663347057e+03 1.003141641616821289e+00
1.472703317042709159e+03 1.001551747322082520e+00
1.472724150421085824e+03 1.004283308982849121e+00
1.472744983798477961e+03 1.002921938896179199e+00
1.472765817174884660e+03 1.002380967140197754e+00
1.472786650550306376e+03 1.001713395118713379e+00
1.472807483924739699e+03 1.001227855682373047e+00
1.472828317298185539e+03 9.992788434028625488e-01
1.472849150670644804e+03 9.984410405158996582e-01
1.472869984042115902e+03 9.969394803047180176e-01
1.472890817412599290e+03 1.003103971481323242e+00
1.472911650782090874e+03 9.993327856063842773e-01
1.472932484150593382e+03 9.998310804367065430e-01
1.472953317518106360e+03 9.983550310134887695e-01
1.472974150884625715e+03 9.964361786842346191e-01
1.472994984250155539e+03 1.001187562942504883e+00
1.473015817614690150e+03 9.985861182212829590e-01
1.473036650978231592e+03 1.001691699028015137e+00
1.473057484340781002e+03 9.996305704116821289e-01
1.473078317702334061e+03 1.000251531600952148e+00
1.473099151062892361e+03 9.991976022720336914e-01
1.473119984422455900e+03 9.989167451858520508e-01
1.473140817781020132e+03 9.988552331924438477e-01
1.473161651138589377e+03 9.965358972549438477e-01
1.473182484495157951e+03 9.996072053909301758e-01
1.473203317850729945e+03 9.969053864479064941e-01
1.473224151205301041e+03 9.961307048797607422e-01
1.473244984558870556e+03 9.987528920173645020e-01
1.473265817911439854e+03 9.953643679618835449e-01
1.473286651263007116e+03 9.987999200820922852e-01
1.473307484613570750e+03 9.977835416793823242e-01
1.473328317963132349e+03 9.974032044410705566e-01
1.473349151311687820e+03 9.995673894882202148e-01
1.473369984659239890e+03 9.957087039947509766e-01
1.473390818005785150e+03 9.987880587577819824e-01
1.473411651351323144e+03 1.002196311950683594e+00
1.473432484695853645e+03 9.999935626983642578e-01
1.473453318039376427e+03 9.995291233062744141e-01
1.473474151381887850e+03 9.994739890098571777e-01
1.473494984723388598e+03 1.001033544540405273e+00
1.473515818063879124e+03 9.986506104469299316e-01
1.473536651403357382e+03 1.003115057945251465e+00
1.473557484741823828e+03 1.001276373863220215e+00
1.473578318079273913e+03 9.986420869827270508e-01
1.473599151415710139e+03 9.954753518104553223e-01
1.473619984751131597e+03 1.002221465110778809e+00
1.473640818085533965e+03 9.948039650917053223e-01
1.473661651418920655e+03 9.963227510452270508e-01
1.473682484751286211e+03 9.952424764633178711e-01
1.473703318082634269e+03 9.978392124176025391e-01
1.473724151412960282e+03 9.920975565910339355e-01
1.473744984742262432e+03 9.983031749725341797e-01
1.473765818070543901e+03 9.944140911102294922e-01
1.473786651397801279e+03 9.970795512199401855e-01
1.473807484724033429e+03 9.931866526603698730e-01
1.473828318049241034e+03 9.963421821594238281e-01
1.473849151373418863e+03 9.948745965957641602e-01
1.473869984696571009e+03 9.970036149024963379e-01
1.473890818018692471e+03 9.954119920730590820e-01
1.473911651339782338e+03 9.943210482597351074e-01
1.473932484659843112e+03 9.945145845413208008e-01
1.473953317978870700e+03 9.947960972785949707e-01
1.473974151296862601e+03 9.966509342193603516e-01
1.473994984613819270e+03 9.929370284080505371e-01
1.474015817929739796e+03 9.940699338912963867e-01
1.474036651244624636e+03 9.926597476005554199e-01
1.474057484558469923e+03 9.896874427795410156e-01
1.474078317871275431e+03 9.922439455986022949e-01
1.474099151183039794e+03 9.908601641654968262e-01
1.474119984493760967e+03 9.951982498168945312e-01
1.474140817803440314e+03 9.919277429580688477e-01
1.474161651112074651e+03 9.904602766036987305e-01
1.474182484419660796e+03 9.911972880363464355e-01
1.474203317726200567e+03 9.901134967803955078e-01
1.474224151031692145e+03 9.925593137741088867e-01
1.474244984336131893e+03 9.909275770187377930e-01
1.474265817639519810e+03 9.937759637832641602e-01
1.474286650941855214e+03 9.939858317375183105e-01
1.474307484243137878e+03 9.950253963470458984e-01
1.474328317543365301e+03 9.923312664031982422e-01
1.474349150842533390e+03 9.907651543617248535e-01
1.474369984140645101e+03 9.932101368904113770e-01
1.474390817437695887e+03 9.898223876953125000e-01
1.474411650733684155e+03 9.934058189392089844e-01
1.474432484028611952e+03 9.923198223114013672e-01
1.474453317322472913e+03 9.927002787590026855e-01
1.474474150615270446e+03 9.975797533988952637e-01
1.474494983906999551e+03 9.941070079803466797e-01
1.474515817197659771e+03 9.940202236175537109e-01
1.474536650487249517e+03 9.908936023712158203e-01
1.474557483775768333e+03 9.953998327255249023e-01
1.474578317063209852e+03 9.940679073333740234e-01
1.474599150349580214e+03 9.907054901123046875e-01
1.474619983634871460e+03 9.945183396339416504e-01
1.474744983323926135e+03 9.964401721954345703e-01
1.474765816601635834e+03 9.983771443367004395e-01
1.474807483153783323e+03 9.965192079544067383e-01
1.474849149701557280e+03 9.951083064079284668e-01
1.474869982973800461e+03 9.982408285140991211e-01
1.474890816244943835e+03 9.975194931030273438e-01
1.474911649514984902e+03 9.967064261436462402e-01
1.474932482783926389e+03 9.980753064155578613e-01
1.474974149318493119e+03 1.001689553260803223e+00
1.474994982584115633e+03 9.973227381706237793e-01
1.475015815848627426e+03 9.994592666625976562e-01
1.475036649112029409e+03 9.942278861999511719e-01
1.475057482374317260e+03 9.936986565589904785e-01
1.475078315635489616e+03 9.965108633041381836e-01
1.475099148895544886e+03 9.982697367668151855e-01
1.475119982154480113e+03 9.968293309211730957e-01
1.475140815412296206e+03 9.944502115249633789e-01
1.475161648668989528e+03 9.933336973190307617e-01
1.475182481924555759e+03 9.951006770133972168e-01
1.475203315178996490e+03 9.946255683898925781e-01
1.475224148432309676e+03 9.907947778701782227e-01
1.475244981684490085e+03 9.948441982269287109e-01
1.475265814935539993e+03 9.977277517318725586e-01
1.475286648185452577e+03 9.986166357994079590e-01
1.475307481434230795e+03 9.956421256065368652e-01
1.475328314681871689e+03 9.955776333808898926e-01
1.475349147928370485e+03 9.939817786216735840e-01
1.475369981173729457e+03 9.923384785652160645e-01
1.475390814417943147e+03 9.955592155456542969e-01
1.475411647661009965e+03 9.961453080177307129e-01
1.475432480902931275e+03 9.978377223014831543e-01
1.475453314143700936e+03 9.940472841262817383e-01
1.475474147383321224e+03 9.952178597450256348e-01
1.475494980621787363e+03 9.957321286201477051e-01
1.475515813859098444e+03 9.958589673042297363e-01
1.475536647095252647e+03 9.955608844757080078e-01
1.475557480330249291e+03 9.948220849037170410e-01
1.475578313564084056e+03 9.960093498229980469e-01
1.475599146796757850e+03 9.971360564231872559e-01
1.475619980028267946e+03 1.000000000000000000e+00
1.475640813258613207e+03 9.969293475151062012e-01
1.475661646487792723e+03 9.976431727409362793e-01
1.475682479715802401e+03 9.945732951164245605e-01
1.475703312942644516e+03 9.960769414901733398e-01
1.475724146168314064e+03 9.987020492553710938e-01
1.475744979392811501e+03 9.970272183418273926e-01
1.475765812616137509e+03 9.987505078315734863e-01
1.475786645838287313e+03 9.978528618812561035e-01
1.475807479059263869e+03 9.974828362464904785e-01
1.475828312279063084e+03 9.972229599952697754e-01
1.475849145497684503e+03 9.978018403053283691e-01
1.475869978715130401e+03 9.958994388580322266e-01
1.475890811931396911e+03 9.928381443023681641e-01
1.475911645146485171e+03 9.932158589363098145e-01
1.475932478360394498e+03 9.950906634330749512e-01
1.475953311573124438e+03 9.990960359573364258e-01
1.475974144784677492e+03 9.973426461219787598e-01
1.475994977995052523e+03 9.967194795608520508e-01
1.476015811204247711e+03 9.992419481277465820e-01
1.476036644412267151e+03 9.954642653465270996e-01
1.476057477619111978e+03 9.962868094444274902e-01
1.476078310824780147e+03 9.956165552139282227e-01
1.476099144029277795e+03 9.979807734489440918e-01
1.476119977232602196e+03 9.957848787307739258e-01
1.476140810434760624e+03 9.967168569564819336e-01
1.476161643635751943e+03 9.964295625686645508e-01
1.476182476835579337e+03 9.964588284492492676e-01
1.476203310034249853e+03 9.957894682884216309e-01
1.476224143231764174e+03 9.970432519912719727e-01
1.476244976428127984e+03 9.944704771041870117e-01
1.476265809623345149e+03 9.920411109924316406e-01
1.476286642817422489e+03 9.993727207183837891e-01
1.476307476010368418e+03 9.951804876327514648e-01
1.476328309202187029e+03 9.961127638816833496e-01
1.476349142392885824e+03 9.967384338378906250e-01
1.476369975582477082e+03 9.956843852996826172e-01
1.476390808770965577e+03 9.988292455673217773e-01
1.476411641958366545e+03 9.960312843322753906e-01
1.476432475144688851e+03 9.973505735397338867e-01
1.476453308329943866e+03 9.964392185211181641e-01
1.476474141514147959e+03 9.990707039833068848e-01
1.476494974697316593e+03 9.990183711051940918e-01
1.476515807879463637e+03 9.973194003105163574e-01
1.476536641060610918e+03 9.982567429542541504e-01
1.476557474240774809e+03 9.974652528762817383e-01
1.476578307419979865e+03 1.002356648445129395e+00
1.476599140598249505e+03 9.988879561424255371e-01
1.476619973775607377e+03 9.981569647789001465e-01
1.476640806952085086e+03 9.958037734031677246e-01
1.476661640127710598e+03 9.982957839965820312e-01
1.476682473302517565e+03 9.973347187042236328e-01
1.476703306476545322e+03 1.000455021858215332e+00
1.476724139649829567e+03 1.000826001167297363e+00
1.476744972822417822e+03 1.003496050834655762e+00
1.476765805994354650e+03 1.001842021942138672e+00
1.476786639165689394e+03 9.970670342445373535e-01
1.476807472336480487e+03 1.003733873367309570e+00
1.476828305506788638e+03 1.001298069953918457e+00
1.476849138676676148e+03 1.001519560813903809e+00
1.478578300688309128e+03 9.979562759399414062e-01
1.478599134030111372e+03 9.991204738616943359e-01
1.478619967370839049e+03 9.987023472785949707e-01
1.478640800710333224e+03 9.972025752067565918e-01
1.478682467385841846e+03 1.000147700309753418e+00
1.478703300721829919e+03 9.981394410133361816e-01
1.478724134056526509e+03 1.000465154647827148e+00
1.478744967390070087e+03 9.992545843124389648e-01
1.478765800722303084e+03 9.963692426681518555e-01
1.478786634053363741e+03 1.002386808395385742e+00
1.478807467383099493e+03 9.995076060295104980e-01
1.478828300711649490e+03 1.001981735229492188e+00
1.478849134038863212e+03 1.003063321113586426e+00
1.478869967364881859e+03 1.002654910087585449e+00
1.478890800689554226e+03 1.001575469970703125e+00
1.478932467335143883e+03 1.002756357192993164e+00
1.478953300656053216e+03 1.003544569015502930e+00
1.478974133975610584e+03 1.005427360534667969e+00
1.478994967293953323e+03 1.004510521888732910e+00
1.479015800610942506e+03 9.997473359107971191e-01
1.479036633926716377e+03 1.002549767494201660e+00
1.479057467241133054e+03 1.004223942756652832e+00
1.479078300554337375e+03 1.003022193908691406e+00
1.479099133866186321e+03 9.980679154396057129e-01
1.479119967176819728e+03 1.001550793647766113e+00
1.479140800486101625e+03 1.001171112060546875e+00
1.479161633794169802e+03 1.003039240837097168e+00
1.479182467100888061e+03 1.001918792724609375e+00
1.479203300406398284e+03 9.996274709701538086e-01
1.479224133710559272e+03 1.000192523002624512e+00
1.479244967013515179e+03 1.005090832710266113e+00
1.479265800315129127e+03 1.005011320114135742e+00
1.479286633615538904e+03 1.001163721084594727e+00
1.479307466914612178e+03 1.002746224403381348e+00
1.479328300212485601e+03 1.001019120216369629e+00
1.479349133509027524e+03 1.001895427703857422e+00
1.479390800098393584e+03 1.002378702163696289e+00
1.479411633391225450e+03 1.006755709648132324e+00
1.479432466682735139e+03 1.005112528800964355e+00
1.479453299973058847e+03 1.000776410102844238e+00
1.479474133262068563e+03 1.002877712249755859e+00
1.479494966549897981e+03 1.000852108001708984e+00
1.479515799836417727e+03 1.003012776374816895e+00
1.479536633121765362e+03 1.005485057830810547e+00
1.479557466405806963e+03 1.004839301109313965e+00
1.479578299688682819e+03 1.006407618522644043e+00
1.479599132970259916e+03 1.005164742469787598e+00
1.479619966250674679e+03 1.002638697624206543e+00
1.479640799529797960e+03 1.005552530288696289e+00
1.479661632807763681e+03 1.003984689712524414e+00
1.479682466084445650e+03 1.007157325744628906e+00
1.479703299359975972e+03 1.005863785743713379e+00
1.479724132634226862e+03 1.006638646125793457e+00
1.479744965907332471e+03 1.004782676696777344e+00
1.479765799179166379e+03 1.006517887115478516e+00
1.479786632449858189e+03 1.002635240554809570e+00
1.479807465719285574e+03 1.007787466049194336e+00
1.479828298987577455e+03 1.004765748977661133e+00
1.479849132254609685e+03 1.005648970603942871e+00
1.479869965520512324e+03 1.006112098693847656e+00
1.479890798785160314e+03 1.008102059364318848e+00
1.479911632048685078e+03 1.009245991706848145e+00
1.479932465310962471e+03 1.010746479034423828e+00
1.479953298572119820e+03 1.006718158721923828e+00
1.479974131832042303e+03 1.006949543952941895e+00
1.479994965090858386e+03 1.006445527076721191e+00
1.480015798348431190e+03 1.004215598106384277e+00
1.480036631604891909e+03 1.009550571441650391e+00
1.480057464860119353e+03 1.009439706802368164e+00
1.480078298114246991e+03 1.010092258453369141e+00
1.480099131367147947e+03 1.009989976882934570e+00
1.480119964618950917e+03 1.006519913673400879e+00
1.480140797869536527e+03 1.007482886314392090e+00
1.480161631119027561e+03 1.006679654121398926e+00
1.480182464367306693e+03 1.008168458938598633e+00
1.480203297614497615e+03 1.007528781890869141e+00
1.480224130860479590e+03 1.004967212677001953e+00
1.480244964105379267e+03 1.008012533187866211e+00
1.480265797349076138e+03 1.008668184280395508e+00
1.480286630591693665e+03 1.004534602165222168e+00
1.480307463833113616e+03 1.003046989440917969e+00
1.480328297073460590e+03 1.003370404243469238e+00
1.480349130312614307e+03 1.006162524223327637e+00
1.480369963550700732e+03 1.003578424453735352e+00
1.480390796787596400e+03 1.003575086593627930e+00
1.480411630023430462e+03 1.002736806869506836e+00
1.480432463258079906e+03 1.008120656013488770e+00
1.480453296491668425e+03 1.005377054214477539e+00
1.480474129724080740e+03 1.002766489982604980e+00
1.480494962955435312e+03 1.002062678337097168e+00
1.480515796185618001e+03 1.001328110694885254e+00
1.480536629414749541e+03 1.002355694770812988e+00
1.480557462642709652e+03 1.005440831184387207e+00
1.480578295869623616e+03 1.002091288566589355e+00
1.480599129095373655e+03 1.006156325340270996e+00
1.480619962320078685e+03 1.005434989929199219e+00
1.480640795543625018e+03 1.003113508224487305e+00
1.480661628766130434e+03 1.003012657165527344e+00
1.480682461987480337e+03 1.004247784614562988e+00
1.480703295207797055e+03 1.005455136299133301e+00
1.480724128426959624e+03 1.005552530288696289e+00
1.480744961645090825e+03 1.003009915351867676e+00
1.480765794862074699e+03 1.005103349685668945e+00
1.480786628078029025e+03 1.001864194869995117e+00
1.480807461292840117e+03 1.006916522979736328e+00
1.480828294506627117e+03 1.005625844001770020e+00
1.480849127719273838e+03 1.009595632553100586e+00
1.480869960930901016e+03 1.003058910369873047e+00
1.480890794141389961e+03 1.002675056457519531e+00
1.480911627350863455e+03 1.003008127212524414e+00
1.480932460559202582e+03 1.008244276046752930e+00
1.480953293766528759e+03 1.003776311874389648e+00
1.480974126972727163e+03 1.008255600929260254e+00
1.480994960177912844e+03 1.006362557411193848e+00
1.481015793381975300e+03 1.006015300750732422e+00
1.481036626585029580e+03 1.008799076080322266e+00
1.481057459786961772e+03 1.008600354194641113e+00
1.481078292987889881e+03 1.004413962364196777e+00
1.481099126187698403e+03 1.009780168533325195e+00
1.481119959386508071e+03 1.010890126228332520e+00
1.481140792584202472e+03 1.007895231246948242e+00
1.481161625780896657e+03 1.004555821418762207e+00
1.481182458976480348e+03 1.005526542663574219e+00
1.481203292171069506e+03 1.010499000549316406e+00
1.481224125364548399e+03 1.007225632667541504e+00
1.481244958557036625e+03 1.006602287292480469e+00
1.481307458128101189e+03 1.010020494461059570e+00
1.481328291316403465e+03 1.009292602539062500e+00
1.481349124503609346e+03 1.010333180427551270e+00
1.481369957689829789e+03 1.017091393470764160e+00
1.481390790874952245e+03 1.007787346839904785e+00
1.481411624059094720e+03 1.010389924049377441e+00
1.481432457242141936e+03 1.008094668388366699e+00
1.481453290424211900e+03 1.009853482246398926e+00
1.481474123605190016e+03 1.009293079376220703e+00
1.481494956785190880e+03 1.010971903800964355e+00
1.481515789964105352e+03 1.004641890525817871e+00
1.481536623142044846e+03 1.009036183357238770e+00
1.481557456318899085e+03 1.008459329605102539e+00
1.481578289494781302e+03 1.007425904273986816e+00
1.481599122669580083e+03 1.011104345321655273e+00
1.481619955843411162e+03 1.009616136550903320e+00
1.481640789016162216e+03 1.008966565132141113e+00
1.481661622187943749e+03 1.007719516754150391e+00
1.481682455358648667e+03 1.007388949394226074e+00
1.481703288528389749e+03 1.007175445556640625e+00
1.481724121697053306e+03 1.014009118080139160e+00
1.481744954864756437e+03 1.011144399642944336e+00
1.481765788031384318e+03 1.013624548912048340e+00
1.481786621197053591e+03 1.007546424865722656e+00
1.481807454361651025e+03 1.009555816650390625e+00
1.481828287525289170e+03 1.006319522857666016e+00
1.481849120687860704e+03 1.012239456176757812e+00
1.481869953849474541e+03 1.009254097938537598e+00
1.481890787010022223e+03 1.015171170234680176e+00
1.481911620169617436e+03 1.007694244384765625e+00
1.481932453328145584e+03 1.011288881301879883e+00
1.481953286485722856e+03 1.007935047149658203e+00
1.481974119642237156e+03 1.012560009956359863e+00
1.481994952797799897e+03 1.009974837303161621e+00
1.482015785952304441e+03 1.006970286369323730e+00
1.482036619105859018e+03 1.009857773780822754e+00
1.482057452258355625e+03 1.010394811630249023e+00
1.482078285409905220e+03 1.008455276489257812e+00
1.482099118560397756e+03 1.013098120689392090e+00
1.482119951709946690e+03 1.010109186172485352e+00
1.482140784858441748e+03 1.010647058486938477e+00
1.482161618005990931e+03 1.012519836425781250e+00
1.482182451152488966e+03 1.012869358062744141e+00
1.482203284298045901e+03 1.010424613952636719e+00
1.482224117442554643e+03 1.010800957679748535e+00
1.482244950586128880e+03 1.009192824363708496e+00
1.482265783728648103e+03 1.009550213813781738e+00
1.482286616870227135e+03 1.009820342063903809e+00
1.482307450010757748e+03 1.009783029556274414e+00
1.482328283150349989e+03 1.009987235069274902e+00
1.482349116288899495e+03 1.004613161087036133e+00
1.482369949426511766e+03 1.005750298500061035e+00
1.482390782563081302e+03 1.009334325790405273e+00
1.482411615698716560e+03 1.006987452507019043e+00
1.482432448833307717e+03 1.005426883697509766e+00
1.482453281966966870e+03 1.000604271888732910e+00
1.482474115099586925e+03 1.007835149765014648e+00
1.482494948231272929e+03 1.004346728324890137e+00
1.482515781361922109e+03 1.003925085067749023e+00
1.482536614491640194e+03 1.008877515792846680e+00
1.482557447620320545e+03 1.003178119659423828e+00
1.482578280748072075e+03 1.002718329429626465e+00
1.482599113874786553e+03 1.004243850708007812e+00
1.482619947000575166e+03 1.007060647010803223e+00
1.482640780125328320e+03 1.003313899040222168e+00
1.482661613249154925e+03 1.003233790397644043e+00
1.482682446371948345e+03 1.004347324371337891e+00
1.482703279493817490e+03 1.005162477493286133e+00
1.482724112614652768e+03 1.005452871322631836e+00
1.482744945734565817e+03 1.003792643547058105e+00
1.482765778853446136e+03 1.005631566047668457e+00
1.482786611971404682e+03 1.005376935005187988e+00
1.482807445088334816e+03 1.007014989852905273e+00
1.482828278204340904e+03 1.008285999298095703e+00
1.482849111319321992e+03 1.007378935813903809e+00
1.482869944433381306e+03 1.006908774375915527e+00
1.482890777546411528e+03 1.006186842918395996e+00
1.482911610658523841e+03 1.004360556602478027e+00
1.482932443769608653e+03 1.005083203315734863e+00
1.482953276879775558e+03 1.005019307136535645e+00
1.482974109988918826e+03 1.008099436759948730e+00
1.482994943097142141e+03 1.005488991737365723e+00
1.483015776204343865e+03 1.008421659469604492e+00
1.483036609310627682e+03 1.005715370178222656e+00
1.483057442415889000e+03 1.008155226707458496e+00
1.483078275520234456e+03 1.012296319007873535e+00
1.483099108623556958e+03 1.009906411170959473e+00
1.483119941725966783e+03 1.006505250930786133e+00
1.483140774827355699e+03 1.007989048957824707e+00
1.483161607927828754e+03 1.008855819702148438e+00
1.483182441027282948e+03 1.010185956954956055e+00
1.483203274125824009e+03 1.009849786758422852e+00
1.483224107223345982e+03 1.005724787712097168e+00
1.483244940319956640e+03 1.008199334144592285e+00
1.483265773415548210e+03 1.006432652473449707e+00
1.483286606510229376e+03 1.006808042526245117e+00
1.483307439603893044e+03 1.010895729064941406e+00
1.483328272696644035e+03 1.006309866905212402e+00
1.483349105788379575e+03 1.010110855102539062e+00
1.483369938879204028e+03 1.006244778633117676e+00
1.483390771969014850e+03 1.005767107009887695e+00
1.483411605057916177e+03 1.005417704582214355e+00
1.483432438145800688e+03 1.007485985755920410e+00
1.483453271232777524e+03 1.006045341491699219e+00
1.483474104318740956e+03 1.006023526191711426e+00
1.483494937403794438e+03 1.003591060638427734e+00
1.483515770487836335e+03 1.005651950836181641e+00
1.483536603570968964e+03 1.004558801651000977e+00
1.483557436653089781e+03 1.007473230361938477e+00
1.483578269734304286e+03 1.005798578262329102e+00
1.483599102814505159e+03 1.006574392318725586e+00
1.483619935893801312e+03 1.002081155776977539e+00
1.483640768972086107e+03 9.979525804519653320e-01
1.483661602049463909e+03 1.006777048110961914e+00
1.483682435125831717e+03 1.002363920211791992e+00
1.483703268201292303e+03 1.004293680191040039e+00
1.483724101275743351e+03 1.003724217414855957e+00
1.483744934349290588e+03 1.001990914344787598e+00
1.483765767421826013e+03 1.002841711044311523e+00
1.483786600493458991e+03 9.991492629051208496e-01
1.483807433564081293e+03 1.002615928649902344e+00
1.483828266633800240e+03 1.004516363143920898e+00
1.483849099702509875e+03 1.005429744720458984e+00
1.483869932770314790e+03 1.004215955734252930e+00
1.483890765837113349e+03 1.000240206718444824e+00
1.483911598903008553e+03 1.001831293106079102e+00
1.483932431967893763e+03 1.001479268074035645e+00
1.483953265031877208e+03 1.002624034881591797e+00
1.483974098094853844e+03 1.004542827606201172e+00
1.483994931156925986e+03 1.003426074981689453e+00
1.484015764217992682e+03 1.006643652915954590e+00
1.484036597278155341e+03 1.006978631019592285e+00
1.484057430337313690e+03 1.000000000000000000e+00
1.484078263395569365e+03 1.006123781204223633e+00
1.484099096452816184e+03 1.004870891571044922e+00
1.484119929509162148e+03 1.005287766456604004e+00
1.484140762564502666e+03 1.001734137535095215e+00
1.484161595618940055e+03 1.005053877830505371e+00
1.484182428672372680e+03 1.002427577972412109e+00
1.484203261724902632e+03 1.007390499114990234e+00
1.484224094776428046e+03 1.002809405326843262e+00
1.484244927827051697e+03 9.994257092475891113e-01
1.484265760876668310e+03 1.003768682479858398e+00
1.484286593925386114e+03 1.003269672393798828e+00
1.484307426973097108e+03 1.003722906112670898e+00
1.484328260019907475e+03 9.971926212310791016e-01
1.484349093065712168e+03 9.996788501739501953e-01
1.484453258280599812e+03 1.000490427017211914e+00
1.484474091320686512e+03 9.977074861526489258e-01
1.484494924359871902e+03 9.977319240570068359e-01
1.484515757398053665e+03 9.959432482719421387e-01
1.484536590435333210e+03 1.001807689666748047e+00
1.484557423471611855e+03 9.995991587638854980e-01
1.484578256506992375e+03 1.000221610069274902e+00
1.484599089541362900e+03 9.998412132263183594e-01
1.484619922574832117e+03 9.998712539672851562e-01
1.484640755607296796e+03 9.985845088958740234e-01
1.484661588638858802e+03 1.001586794853210449e+00
1.484682421669417408e+03 9.996854662895202637e-01
1.484703254699073568e+03 9.981939792633056641e-01
1.484724087727725646e+03 9.963988661766052246e-01
1.484744920755476187e+03 9.949899315834045410e-01
1.484765753782219690e+03 9.946053028106689453e-01
1.484786586808065294e+03 9.983451366424560547e-01
1.484807419832904316e+03 9.957132935523986816e-01
1.484828252856839981e+03 9.976335167884826660e-01
1.484849085879771565e+03 9.945304989814758301e-01
1.484869918901799792e+03 9.959279894828796387e-01
1.484890751922822801e+03 9.971873760223388672e-01
1.484911584942945183e+03 9.937878251075744629e-01
1.484932417962058935e+03 9.959903359413146973e-01
1.484953250980272742e+03 9.985405206680297852e-01
1.484974083997478829e+03 9.984911680221557617e-01
1.484994917013783152e+03 9.962242841720581055e-01
1.485015750029079754e+03 1.000045776367187500e+00
1.485036583043473684e+03 9.981302618980407715e-01
1.485057416056861484e+03 9.986762404441833496e-01
1.485078249069345929e+03 9.977119565010070801e-01
1.485099082080822427e+03 9.995586872100830078e-01
1.485119915091396024e+03 9.986956119537353516e-01
1.485140748100963265e+03 1.000377416610717773e+00
1.485161581109625104e+03 9.989813566207885742e-01
1.485182414117278313e+03 9.982281923294067383e-01
1.485203247124026802e+03 9.941331148147583008e-01
1.485224080129767799e+03 9.983019232749938965e-01
1.485244913134604076e+03 1.000669836997985840e+00
1.485265746138430359e+03 9.980105161666870117e-01
1.485286579141352149e+03 1.001456856727600098e+00
1.485307412143264855e+03 9.992889165878295898e-01
1.485328245144270340e+03 9.998285770416259766e-01
1.485349078144267196e+03 9.989296197891235352e-01
1.485369911143356376e+03 9.990367889404296875e-01
1.485390744141435107e+03 9.991973638534545898e-01
1.485411577138609118e+03 1.001016259193420410e+00
1.485432410134768588e+03 9.986952543258666992e-01
1.485453243130024248e+03 9.985361695289611816e-01
1.485474076124265594e+03 9.992414712905883789e-01
1.485494909117601082e+03 1.003735065460205078e+00
1.485515742109922030e+03 1.000873327255249023e+00
1.485536575101335529e+03 9.954681992530822754e-01
1.485557408091734715e+03 9.994497299194335938e-01
1.485578241081226679e+03 9.989712238311767578e-01
1.485599074069701601e+03 9.968271851539611816e-01
1.485619907057269984e+03 9.963751435279846191e-01
1.485640740043820188e+03 9.974332451820373535e-01
1.485661573029462033e+03 9.964194297790527344e-01
1.485682406014088428e+03 9.970620274543762207e-01
1.485703238997802373e+03 9.962166547775268555e-01
1.485724071980501094e+03 9.982264041900634766e-01
1.485744904962287592e+03 9.949392080307006836e-01
1.485765737943055910e+03 9.993955492973327637e-01
1.485786570922912460e+03 9.970143437385559082e-01
1.485807403901750831e+03 9.964081645011901855e-01
1.485828236879675387e+03 9.942284226417541504e-01
1.485849069856581082e+03 9.970305562019348145e-01
1.485869902832571142e+03 9.996334910392761230e-01
1.485890735807542342e+03 9.975222349166870117e-01
1.485911568781597907e+03 9.945571422576904297e-01
1.485932401754631428e+03 9.991491436958312988e-01
1.485953234726749770e+03 9.963721632957458496e-01
1.485974067697844021e+03 9.955675005912780762e-01
1.485994900668024002e+03 9.962755441665649414e-01
1.486015733637178528e+03 9.958318471908569336e-01
1.486036566605416283e+03 9.930459856986999512e-01
1.486057399572628356e+03 9.960636496543884277e-01
1.486078232538923430e+03 9.941402077674865723e-01
1.486099065504189866e+03 9.932665824890136719e-01
1.486119898468539304e+03 9.935380816459655762e-01
1.486140731431859876e+03 9.927372336387634277e-01
1.486161564394261177e+03 9.954031109809875488e-01
1.486182397355632475e+03 9.943399429321289062e-01
1.486203230316082454e+03 9.914249181747436523e-01
1.486224063275501976e+03 9.954032897949218750e-01
1.486244896234000180e+03 9.949563741683959961e-01
1.486265729191464970e+03 9.943029284477233887e-01
1.486286562148007988e+03 9.978950023651123047e-01
1.486307395103515773e+03 9.944565296173095703e-01
1.486328228058099739e+03 9.930750727653503418e-01
1.486349061011650747e+03 9.952667355537414551e-01
1.486369893964273160e+03 9.948932528495788574e-01
1.486390726915862160e+03 9.943271875381469727e-01
1.486411559866522566e+03 9.933089613914489746e-01
1.486432392816144556e+03 9.982792139053344727e-01
1.486453225764839999e+03 9.900261759757995605e-01
1.486474058712496571e+03 9.923917055130004883e-01
1.486494891659221821e+03 9.960920214653015137e-01
1.486515724604907973e+03 9.941474795341491699e-01
1.486536557549660529e+03 9.916808009147644043e-01
1.486557390493373077e+03 9.949156045913696289e-01
1.486578223436151575e+03 9.917145967483520508e-01
1.486599056377885518e+03 9.908710122108459473e-01
1.486619889318687001e+03 9.928684234619140625e-01
1.486640722258440974e+03 9.885030388832092285e-01
1.486661555197261123e+03 9.883130192756652832e-01
1.486682388135033079e+03 9.920954704284667969e-01
1.486703221071867347e+03 9.909268021583557129e-01
1.486724054007652967e+03 9.907456040382385254e-01
1.486744886942499988e+03 9.890846610069274902e-01
1.486765719876294725e+03 9.921891093254089355e-01
1.486786552809151317e+03 9.900113940238952637e-01
1.486807385740952213e+03 9.937990307807922363e-01
1.486828218671812692e+03 9.924688935279846191e-01
1.486849051601617475e+03 9.874923229217529297e-01
1.486869884530477975e+03 9.907527565956115723e-01
1.486890717458281870e+03 9.905332326889038086e-01
1.486911550385140345e+03 9.909338951110839844e-01
1.486932383310938576e+03 9.854624867439270020e-01
1.486953216235789569e+03 9.880761504173278809e-01
1.486974049159579863e+03 9.882227778434753418e-01
1.486994882082420190e+03 9.872058033943176270e-01
1.487015715004198455e+03 9.873121976852416992e-01
1.487036547925023115e+03 9.853603839874267578e-01
1.487057380844784575e+03 9.843952059745788574e-01
1.487078213763591066e+03 9.943006038665771484e-01
1.487099046681329355e+03 9.903712868690490723e-01
1.487119879598114721e+03 9.893712401390075684e-01
1.487140712513828248e+03 9.884320497512817383e-01
1.487161545428583622e+03 9.903936982154846191e-01
1.487182378342267839e+03 9.888961315155029297e-01
1.487203211254990038e+03 9.865534305572509766e-01
1.487224044166638578e+03 9.896970391273498535e-01
1.487244877077325782e+03 9.869762659072875977e-01
1.487265709986933871e+03 9.898190498352050781e-01
1.487286542895579259e+03 9.928668141365051270e-01
1.487307375803143032e+03 9.897268414497375488e-01
1.487328208709741830e+03 9.886526465415954590e-01
1.487349041615257192e+03 9.870218038558959961e-01
1.487369874519802124e+03 9.928482174873352051e-01
1.487390707423264075e+03 9.895648360252380371e-01
1.487411540325754231e+03 9.939668774604797363e-01
1.487432373227155495e+03 9.939491152763366699e-01
1.487453206127583371e+03 9.930546879768371582e-01
1.487474039026918945e+03 9.924018383026123047e-01
1.487578203508230445e+03 9.946012496948242188e-01
1.487599036401337571e+03 9.941648840904235840e-01
1.487619869293460852e+03 9.972383975982666016e-01
1.487640702184481370e+03 9.941339492797851562e-01
1.487661535074514177e+03 9.929566383361816406e-01
1.487682367963441948e+03 9.919517636299133301e-01
1.487703200851377233e+03 9.868324398994445801e-01
1.487724033738204071e+03 9.962465763092041016e-01
1.487744866624037741e+03 9.927621483802795410e-01
1.487765699508760690e+03 9.904377460479736328e-01
1.487786532392485014e+03 9.931659698486328125e-01
1.487807365275092252e+03 9.974387288093566895e-01
1.487828198156702229e+03 9.956845641136169434e-01
1.487849031037192390e+03 9.943041205406188965e-01
1.487869863916678241e+03 9.932434558868408203e-01
1.487890696795042459e+03 9.949193596839904785e-01
1.487911529672400093e+03 9.925345778465270996e-01
1.487932362548629953e+03 9.900553226470947266e-01
1.487953195423852321e+03 9.929839372634887695e-01
1.487974028297942596e+03 9.903821945190429688e-01
1.487994861171021057e+03 9.959000349044799805e-01
1.488015694042966061e+03 9.906019568443298340e-01
1.488036526913893340e+03 9.925196766853332520e-01
1.488057359783684205e+03 9.958620667457580566e-01
1.488078192652455982e+03 9.937415122985839844e-01
1.488099025520084297e+03 9.925209879875183105e-01
1.488119858386690339e+03 9.904307126998901367e-01
1.488140691252148599e+03 9.900083541870117188e-01
1.488161524116580949e+03 9.928020238876342773e-01
1.488182356979863698e+03 9.932152032852172852e-01
1.488203189842114625e+03 9.875803589820861816e-01
1.488224022703212540e+03 9.916548132896423340e-01
1.488244855563274541e+03 9.923437833786010742e-01
1.488265688422179437e+03 9.926212430000305176e-01
1.488286521280045463e+03 9.930719733238220215e-01
1.488307354136747335e+03 9.925606250762939453e-01
1.488328186992409201e+03 9.899703860282897949e-01
1.488349019846903730e+03 9.926205873489379883e-01
1.488369852700350293e+03 9.901675581932067871e-01
1.488390685552625655e+03 9.897201061248779297e-01
1.488411518403852142e+03 9.928237199783325195e-01
1.488432351253901743e+03 9.942178130149841309e-01
1.488453184102896557e+03 9.918787479400634766e-01
1.488474016950709256e+03 9.905086755752563477e-01
1.488494849797465577e+03 9.952429533004760742e-01
1.488515682643036143e+03 9.928947091102600098e-01
1.488536515487542601e+03 9.892054200172424316e-01
1.488557348330859213e+03 9.943479895591735840e-01
1.488578181173108078e+03 9.938941001892089844e-01
1.488599014014163913e+03 9.980781674385070801e-01
1.488619846854148818e+03 9.933217167854309082e-01
1.488640679692931826e+03 9.943159222602844238e-01
1.488661512530641403e+03 9.912494421005249023e-01
1.488682345367145217e+03 9.944914579391479492e-01
1.488703178202569006e+03 9.967141151428222656e-01
1.488724011036784759e+03 9.925816655158996582e-01
1.488744843869915940e+03 9.944024682044982910e-01
1.488765676701833854e+03 9.910597801208496094e-01
1.488786509532663558e+03 9.953547716140747070e-01
1.488807342362272493e+03 9.895063638687133789e-01
1.488828175190790034e+03 9.893062710762023926e-01
1.488849008018084533e+03 9.924802780151367188e-01
1.488869840844281271e+03 9.901550412178039551e-01
1.488890673669251100e+03 9.909185171127319336e-01
1.488911506493118850e+03 9.886103868484497070e-01
1.488932339315755371e+03 9.898632764816284180e-01
1.488953172137286856e+03 9.886873960494995117e-01
1.488974004957580064e+03 9.903709292411804199e-01
1.488994837776766872e+03 9.872208833694458008e-01
1.489015670594712446e+03 9.929187893867492676e-01
1.489036503411544118e+03 9.883545637130737305e-01
1.489057336227131373e+03 9.900485873222351074e-01
1.489078169041604724e+03 9.864645004272460938e-01
1.489099001854828884e+03 9.873368740081787109e-01
1.489119834666933912e+03 9.850925207138061523e-01
1.489140667477785883e+03 9.869889616966247559e-01
1.489161500287518265e+03 9.872396588325500488e-01
1.489203165903348236e+03 9.894434213638305664e-01
1.489244831514414045e+03 9.875849485397338867e-01
1.489265664318127165e+03 9.878035187721252441e-01
1.489286497120713420e+03 9.879720211029052734e-01
1.489307329922038434e+03 9.900082945823669434e-01
1.489328162722236812e+03 9.874251484870910645e-01
1.489348995521177585e+03 9.899008274078369141e-01
1.489369828318988539e+03 9.871007800102233887e-01
1.489390661115544162e+03 9.882773756980895996e-01
1.489411493910972467e+03 9.922146201133728027e-01
1.489432326705147034e+03 9.886537790298461914e-01
1.489453159498197920e+03 9.889260530471801758e-01
1.489473992289995977e+03 9.916727542877197266e-01
1.489494825080675128e+03 9.944477677345275879e-01
1.489515657870111227e+03 9.915598630905151367e-01
1.489536490658430466e+03 9.930342435836791992e-01
1.489557323445516204e+03 9.972332119941711426e-01
1.489578156231492812e+03 9.913663864135742188e-01
1.489598989016246378e+03 9.943537116050720215e-01
1.489619821799901956e+03 9.930081963539123535e-01
1.489640654582346087e+03 9.899443387985229492e-01
1.489661487363707693e+03 9.918485283851623535e-01
1.489682320143875813e+03 9.926743507385253906e-01
1.489703152922975505e+03 9.957473278045654297e-01
1.489723985700905132e+03 9.966595172882080078e-01
1.489744818477787703e+03 9.939979910850524902e-01
1.489765651253526585e+03 9.911054968833923340e-01
1.489786484028242967e+03 9.986092448234558105e-01
1.489807316801849311e+03 9.939913153648376465e-01
1.489828149574464533e+03 9.950635433197021484e-01
1.489848982346012008e+03 9.953525066375732422e-01
1.489869815116603831e+03 9.924357533454895020e-01
1.489890647886179522e+03 9.926978945732116699e-01
1.489911480654844127e+03 9.932201504707336426e-01
1.489932313422555580e+03 9.911780953407287598e-01
1.489953146189410973e+03 9.931839704513549805e-01
1.489973978955385746e+03 9.974063634872436523e-01
1.489994811720571988e+03 9.961806535720825195e-01
1.490015644484966742e+03 9.948040246963500977e-01
