1.491724179475822211e+03 9.994528889656066895e-01
1.491745012968151059e+03 1.000146150588989258e+00
1.491765846459529030e+03 9.989342689514160156e-01
1.491786679950298549e+03 9.986928105354309082e-01
1.491807513440801813e+03 9.996731281280517578e-01
1.491828346931371925e+03 9.994522333145141602e-01
1.491849180422333347e+03 9.996729493141174316e-01
1.491870013913988714e+03 9.992358684539794922e-01
1.491890847406619969e+03 9.987166523933410645e-01
1.491911680900478586e+03 9.999224543571472168e-01
1.491932514395785120e+03 9.998384714126586914e-01
1.491953347892723286e+03 1.000493764877319336e+00
1.491974181391438151e+03 1.000105857849121094e+00
1.491995014892032714e+03 1.000688433647155762e+00
1.492015848394564728e+03 1.001194357872009277e+00
1.492036681899048517e+03 1.001466631889343262e+00
1.492057515405452250e+03 1.001107454299926758e+00
1.492078348913701802e+03 1.000376582145690918e+00
1.492099182423679622e+03 1.001679897308349609e+00
1.492120015935224728e+03 1.001660108566284180e+00
1.492140849448140443e+03 1.001530528068542480e+00
1.492161682962193936e+03 1.001478552818298340e+00
1.492182516477120998e+03 1.001147866249084473e+00
1.492203349992632866e+03 1.001560330390930176e+00
1.492224183508417354e+03 1.000438690185546875e+00
1.492245017024147046e+03 1.001087665557861328e+00
1.492265850539484518e+03 1.000434994697570801e+00
1.492286684054086663e+03 1.000972747802734375e+00
1.492307517567613786e+03 1.001272559165954590e+00
1.492328351079730055e+03 1.000755548477172852e+00
1.492349184590116010e+03 1.000055789947509766e+00
1.492411685107981157e+03 1.000236630439758301e+00
1.492432518608675764e+03 9.997339844703674316e-01
1.492453352106406328e+03 9.998382925987243652e-01
1.492474185601032332e+03 1.000122666358947754e+00
1.492495019092452367e+03 1.000558137893676758e+00
1.492515852580612091e+03 1.001009702682495117e+00
1.492557519547148559e+03 1.001123666763305664e+00
1.492599186501083068e+03 1.001081228256225586e+00
1.492620019973652461e+03 1.000156402587890625e+00
1.492661686910991875e+03 9.989189505577087402e-01
1.492682520376262346e+03 9.996934533119201660e-01
1.492703353839646297e+03 1.000217914581298828e+00
1.492724187301456595e+03 1.001087307929992676e+00
1.492745020762022023e+03 9.992955923080444336e-01
1.492807521139645814e+03 9.998668432235717773e-01
1.492828354598627584e+03 9.993482828140258789e-01
1.492849188058039772e+03 1.000004172325134277e+00
1.492911688441747629e+03 1.000565052032470703e+00
1.492932521905633166e+03 9.996881484985351562e-01
1.492953355371170801e+03 9.992511272430419922e-01
1.492974188838499458e+03 9.999430179595947266e-01
1.492995022307716454e+03 1.000362753868103027e+00
1.493015855778875448e+03 9.993656277656555176e-01
1.493036689251983489e+03 1.000597834587097168e+00
1.493057522727004425e+03 9.999882578849792480e-01
1.493078356203857538e+03 1.000873684883117676e+00
1.493099189682418682e+03 9.987384080886840820e-01
1.493120023162523921e+03 9.996542334556579590e-01
1.493161690126519716e+03 1.000716924667358398e+00
1.493182523609906866e+03 1.000262379646301270e+00
1.493203357093837894e+03 1.000280261039733887e+00
1.493224190577998570e+03 1.000149250030517578e+00
1.493245024062060565e+03 9.992595314979553223e-01
1.493265857545684867e+03 1.000720381736755371e+00
1.493286691028528594e+03 1.000290632247924805e+00
1.493307524510252051e+03 1.000374674797058105e+00
1.493328357990521454e+03 1.001142263412475586e+00
1.493349191469018251e+03 1.001059293746948242e+00
1.493370024945443220e+03 1.000249028205871582e+00
1.493390858419519873e+03 1.000975608825683594e+00
1.493411691891001510e+03 9.999884963035583496e-01
1.493432525359675765e+03 1.000147819519042969e+00
1.493453358825364603e+03 1.000652790069580078e+00
1.493474192287933874e+03 1.000130534172058105e+00
1.493495025747286945e+03 9.990859031677246094e-01
1.493515859203374703e+03 9.997486472129821777e-01
1.493536692656191917e+03 1.000020861625671387e+00
1.493557526105776105e+03 9.987027645111083984e-01
1.493578359552213215e+03 9.996405839920043945e-01
1.493599192995628528e+03 9.992638230323791504e-01
1.493620026436188709e+03 9.990406036376953125e-01
1.493640859874100215e+03 9.997971653938293457e-01
1.493661693309601105e+03 9.999341964721679688e-01
1.493682526742960363e+03 9.988574385643005371e-01
1.493703360174472209e+03 9.996783733367919922e-01
1.493724193604452921e+03 9.995984435081481934e-01
1.493745027033231509e+03 9.992015957832336426e-01
1.493765860461147895e+03 9.992765188217163086e-01
1.493786693888544733e+03 9.990242719650268555e-01
1.493807527315761718e+03 9.994459748268127441e-01
1.493828360743132407e+03 9.989352226257324219e-01
1.493849194170972169e+03 1.000277638435363770e+00
1.493870027599582727e+03 9.995543360710144043e-01
1.493890861029236021e+03 9.988333582878112793e-01
1.493911694460176932e+03 9.990212917327880859e-01
1.493932527892617145e+03 9.993914365768432617e-01
1.493953361326729464e+03 9.999826550483703613e-01
1.493974194762647812e+03 9.999975562095642090e-01
1.493995028200464276e+03 9.989133477210998535e-01
1.494015861640225467e+03 9.993634223937988281e-01
1.494036695081932976e+03 9.986737370491027832e-01
1.494057528525546104e+03 1.000093221664428711e+00
1.494078361970976403e+03 9.998946189880371094e-01
1.494099195418096087e+03 1.000723838806152344e+00
1.494120028866734174e+03 9.995068907737731934e-01
1.494140862316683297e+03 1.000445365905761719e+00
1.494161695767703122e+03 1.000720858573913574e+00
1.494182529219523076e+03 1.000023841857910156e+00
1.494203362671845525e+03 1.000063538551330566e+00
1.494224196124355785e+03 1.000359773635864258e+00
1.494245029576722800e+03 9.985975623130798340e-01
1.494265863028606645e+03 1.000067472457885742e+00
1.494286696479665579e+03 9.988831281661987305e-01
1.494307529929559223e+03 9.985693693161010742e-01
1.494328363377956066e+03 9.991376399993896484e-01
1.494349196824539831e+03 9.984828233718872070e-01
1.494370030269013341e+03 9.989042878150939941e-01
1.494390863711103975e+03 9.992367625236511230e-01
1.494411697150570717e+03 9.993547797203063965e-01
1.494432530587202791e+03 9.998565316200256348e-01
1.494453364020830577e+03 9.986333847045898438e-01
1.494474197451322198e+03 9.982714056968688965e-01
1.494495030878589887e+03 9.997884035110473633e-01
1.494515864302587488e+03 9.986899495124816895e-01
1.494536697723316365e+03 9.994528889656066895e-01
1.494557531140822221e+03 9.997500181198120117e-01
1.494578364555194412e+03 9.994112849235534668e-01
1.494599197966563906e+03 1.000465035438537598e+00
1.494620031375104190e+03 9.996781349182128906e-01
1.494640864781023765e+03 9.997401237487792969e-01
1.494661698184566603e+03 9.997414946556091309e-01
1.494682531586004188e+03 1.000829577445983887e+00
1.494703364985636199e+03 1.000162243843078613e+00
1.494724198383778003e+03 9.988082051277160645e-01
1.494745031780762247e+03 9.983606934547424316e-01
1.494765865176929083e+03 9.987365603446960449e-01
1.494786698572620026e+03 9.979372620582580566e-01
1.494828365363927787e+03 9.981014132499694824e-01
1.494849198760189665e+03 9.974506497383117676e-01
1.494870032157258947e+03 9.983432292938232422e-01
1.494890865555404616e+03 9.994912743568420410e-01
1.494953365758535483e+03 1.000217914581298828e+00
1.494974199163034655e+03 9.990546107292175293e-01
1.494995032569441491e+03 1.000396609306335449e+00
1.495015865977794874e+03 9.995101094245910645e-01
1.495036699388091847e+03 9.999334216117858887e-01
1.495057532800285344e+03 1.000751256942749023e+00
1.495078366214281459e+03 9.995546340942382812e-01
1.495099199629946725e+03 9.991840124130249023e-01
1.495120033047105153e+03 1.000240802764892578e+00
1.495140866465545514e+03 1.000466942787170410e+00
1.495161699885022927e+03 1.000568032264709473e+00
1.495182533305261813e+03 1.000572800636291504e+00
1.495203366725963861e+03 1.000068902969360352e+00
1.495224200146810517e+03 1.000419855117797852e+00
1.495245033567470273e+03 9.997426271438598633e-01
1.495265866987602294e+03 1.000291347503662109e+00
1.495286700406864156e+03 1.000073790550231934e+00
1.495307533824916163e+03 1.000420212745666504e+00
1.495328367241429760e+03 9.997057914733886719e-01
1.495349200656089806e+03 1.000066161155700684e+00
1.495370034068602536e+03 9.996956586837768555e-01
1.495390867478699420e+03 9.995043277740478516e-01
1.495411700886141716e+03 1.000063538551330566e+00
1.495432534290726608e+03 1.000698566436767578e+00
1.495453367692287429e+03 1.000147938728332520e+00
1.495474201090697306e+03 1.000515103340148926e+00
1.495495034485874385e+03 9.994224905967712402e-01
1.495515867877780011e+03 9.987258315086364746e-01
1.495536701266420550e+03 9.997890591621398926e-01
1.495557534651847163e+03 9.997041225433349609e-01
1.495578368034154664e+03 1.000634670257568359e+00
1.495599201413480387e+03 9.995989799499511719e-01
1.495620034790002364e+03 1.000073909759521484e+00
1.495640868163933419e+03 1.001011371612548828e+00
1.495661701535521843e+03 1.000772833824157715e+00
1.495682534905044349e+03 9.997562170028686523e-01
1.495703368272800617e+03 9.997643828392028809e-01
1.495724201639109651e+03 9.996373057365417480e-01
1.495745035004305919e+03 1.000477313995361328e+00
1.495765868368729116e+03 1.000894188880920410e+00
1.495786701732722804e+03 9.992853403091430664e-01
1.495807535096624406e+03 9.997860193252563477e-01
1.495828368460764295e+03 1.000033974647521973e+00
1.495849201825455566e+03 9.992949366569519043e-01
1.495870035190990393e+03 9.992909431457519531e-01
1.495890868557635486e+03 9.995678663253784180e-01
1.495911701925627085e+03 9.986275434494018555e-01
1.495932535295167554e+03 9.992794990539550781e-01
1.495953368666418783e+03 9.998171329498291016e-01
1.495974202039505144e+03 1.000161528587341309e+00
1.495995035414505992e+03 9.998837113380432129e-01
1.496015868791456342e+03 9.999723434448242188e-01
1.496036702170347780e+03 9.991738200187683105e-01
1.496057535551124829e+03 1.000477313995361328e+00
1.496078368933690172e+03 1.000454425811767578e+00
1.496099202317903746e+03 9.999550580978393555e-01
1.496120035703585700e+03 1.000229597091674805e+00
1.496140869090519118e+03 1.000308156013488770e+00
1.496161702478455254e+03 1.000809550285339355e+00
1.496182535867115803e+03 1.000686645507812500e+00
1.496203369256199039e+03 1.000772595405578613e+00
1.496224202645384139e+03 1.000880360603332520e+00
1.496245036034338455e+03 1.000162839889526367e+00
1.496265869422720016e+03 1.000577688217163086e+00
1.496286702810187307e+03 1.000092506408691406e+00
1.496307536196401315e+03 1.000362992286682129e+00
1.496328369581034622e+03 9.998019337654113770e-01
1.496349202963775497e+03 9.997029304504394531e-01
1.496370036344332448e+03 9.997231364250183105e-01
1.496390869722440812e+03 1.001130938529968262e+00
1.496411703097866393e+03 1.000359892845153809e+00
1.496432536470410469e+03 9.996894598007202148e-01
1.496453369839911829e+03 1.000385880470275879e+00
1.496474203206249740e+03 1.000029444694519043e+00
1.496495036569347121e+03 9.999191164970397949e-01
1.496515869929172140e+03 1.000345230102539062e+00
1.496536703285736849e+03 1.000413298606872559e+00
1.496557536639098316e+03 1.000116467475891113e+00
1.496578369989355679e+03 1.000508904457092285e+00
1.496599203336653545e+03 1.000449895858764648e+00
1.496620036681173133e+03 9.999685287475585938e-01
1.496640870023134084e+03 9.998399615287780762e-01
1.496661703362787193e+03 9.999562501907348633e-01
1.496682536700412129e+03 1.000385165214538574e+00
1.496703370036312208e+03 1.001264929771423340e+00
1.496724203370809846e+03 9.996062517166137695e-01
1.496745036704238146e+03 1.000834345817565918e+00
1.496765870036938850e+03 9.998843669891357422e-01
1.496786703369255747e+03 1.000356435775756836e+00
1.496807536701525123e+03 1.001155138015747070e+00
1.496828370034074624e+03 1.000799894332885742e+00
1.496849203367215978e+03 9.988486766815185547e-01
1.496870036701237268e+03 1.001483917236328125e+00
1.496890870036402930e+03 1.000484704971313477e+00
1.496911703372943521e+03 1.000725507736206055e+00
1.496932536711057310e+03 1.000843048095703125e+00
1.496953370050900730e+03 9.999052286148071289e-01
1.496974203392593154e+03 1.000936746597290039e+00
1.496995036736207339e+03 1.000348687171936035e+00
1.497015870081773073e+03 1.001120805740356445e+00
1.497036703429275121e+03 1.000592827796936035e+00
1.497057536778654594e+03 1.000158190727233887e+00
1.497078370129805535e+03 1.000262022018432617e+00
1.497099203482584016e+03 1.000098586082458496e+00
1.497120036836805639e+03 9.992834925651550293e-01
1.497140870192248030e+03 9.991198778152465820e-01
1.497161703548658807e+03 9.994398355484008789e-01
1.497182536905756251e+03 9.997013211250305176e-01
1.497203370263235911e+03 1.000192523002624512e+00
1.497224203620774915e+03 9.998140931129455566e-01
1.497245036978039479e+03 9.991691112518310547e-01
1.497265870334686952e+03 1.000731825828552246e+00
1.497286703690376044e+03 1.000695228576660156e+00
1.497307537044769106e+03 1.000829577445983887e+00
1.497328370397539402e+03 1.000341296195983887e+00
1.497349203748379068e+03 9.999477863311767578e-01
1.497370037096999340e+03 1.000224351882934570e+00
1.497390870443138510e+03 1.000062704086303711e+00
1.497411703786568069e+03 1.000241398811340332e+00
1.497432537127092928e+03 9.996553063392639160e-01
1.497453370464557338e+03 9.998281002044677734e-01
1.497474203798846702e+03 9.995701909065246582e-01
1.497495037129889624e+03 1.000210523605346680e+00
1.497515870457659503e+03 9.996442794799804688e-01
1.497536703782174754e+03 1.000509977340698242e+00
1.497557537103497680e+03 1.000238418579101562e+00
1.497578370421734462e+03 9.990454316139221191e-01
1.497599203737033804e+03 9.996559023857116699e-01
1.497620037049582379e+03 9.988000392913818359e-01
1.497640870359603468e+03 9.997310638427734375e-01
1.497661703667353322e+03 1.000417828559875488e+00
1.497682536973113884e+03 9.992449879646301270e-01
1.497703370277191880e+03 9.998271465301513672e-01
1.497724203579910636e+03 9.998883605003356934e-01
1.497745036881605984e+03 1.000956535339355469e+00
1.497765870182619437e+03 9.996802806854248047e-01
1.497786703483294104e+03 1.000336170196533203e+00
1.497807536783965361e+03 9.998378753662109375e-01
1.497828370084959488e+03 9.989269375801086426e-01
1.497849203386585486e+03 9.992170333862304688e-01
1.497870036689128483e+03 1.000934958457946777e+00
1.497890869992848593e+03 9.991660118103027344e-01
1.497911703297972508e+03 9.981116652488708496e-01
1.497953369913162760e+03 9.977891445159912109e-01
1.497974203223493078e+03 9.982523322105407715e-01
1.497995036535753115e+03 9.976974129676818848e-01
1.498015869849966293e+03 9.980973005294799805e-01
1.498036703166110328e+03 9.997023344039916992e-01
1.498057536484120419e+03 1.000681400299072266e+00
1.498078369803888563e+03 9.998337626457214355e-01
1.498099203125262648e+03 1.000893950462341309e+00
1.498120036448052588e+03 1.000221848487854004e+00
1.498140869772033284e+03 1.000006556510925293e+00
1.498161703096948031e+03 1.000216960906982422e+00
1.498182536422511248e+03 1.000609874725341797e+00
1.498203369748416662e+03 9.998003244400024414e-01
1.498224203074338902e+03 1.000391602516174316e+00
1.498245036399943046e+03 1.000534176826477051e+00
1.498265869724885988e+03 1.000187277793884277e+00
1.498286703048826212e+03 1.000587940216064453e+00
1.498307536371428341e+03 1.000869870185852051e+00
1.498328369692367232e+03 1.000788331031799316e+00
1.498349203011337750e+03 1.000447750091552734e+00
1.498370036328052265e+03 1.000763654708862305e+00
1.498390869642256121e+03 1.000061869621276855e+00
1.498411702953722852e+03 1.000913143157958984e+00
1.498432536262263739e+03 1.000972986221313477e+00
1.498453369567726895e+03 1.000236511230468750e+00
1.498474202870004092e+03 1.000110745429992676e+00
1.498495036169030755e+03 1.000394940376281738e+00
1.498515869464784828e+03 9.997126460075378418e-01
1.498536702757290414e+03 9.995895028114318848e-01
1.498557536046616178e+03 9.994719624519348145e-01
1.498578369332873990e+03 1.000379800796508789e+00
1.498599202616217553e+03 1.000069618225097656e+00
1.498620035896839227e+03 9.999368190765380859e-01
1.498640869174965701e+03 1.000020146369934082e+00
1.498661702450857319e+03 9.998341798782348633e-01
1.498682535724799436e+03 1.000567555427551270e+00
1.498703368997102189e+03 9.998758435249328613e-01
1.498724202268089130e+03 9.998320937156677246e-01
1.498745035538097454e+03 1.000133037567138672e+00
1.498765868807470952e+03 1.000123977661132812e+00
1.498786702076550682e+03 1.000591158866882324e+00
1.498807535345672704e+03 1.001400828361511230e+00
1.498828368615159661e+03 9.997564554214477539e-01
1.498849201885318053e+03 1.001156687736511230e+00
1.498870035156430731e+03 9.994222521781921387e-01
1.498890868428752128e+03 1.000456929206848145e+00
1.498911701702506662e+03 1.001129150390625000e+00
1.498932534977881005e+03 1.000694990158081055e+00
1.498953368255022042e+03 9.997137784957885742e-01
1.498974201534036865e+03 1.000727653503417969e+00
1.498995034814987775e+03 1.000694036483764648e+00
1.499015868097892280e+03 1.000582098960876465e+00
1.499036701382724004e+03 1.001399993896484375e+00
1.499057534669410870e+03 1.000658273696899414e+00
1.499078367957838509e+03 1.000423669815063477e+00
1.499099201247850033e+03 1.001020669937133789e+00
1.499120034539251719e+03 1.000501155853271484e+00
1.499140867831813466e+03 1.000693798065185547e+00
1.499161701125274249e+03 1.000478386878967285e+00
1.499182534419344847e+03 1.000893950462341309e+00
1.499203367713717626e+03 1.000896215438842773e+00
1.499224201008065165e+03 9.996703267097473145e-01
1.499245034302050271e+03 1.000655770301818848e+00
1.499265867595329837e+03 9.994659423828125000e-01
1.499286700887564848e+03 9.997337460517883301e-01
1.499307534178419019e+03 9.995815157890319824e-01
1.499328367467570160e+03 9.998364448547363281e-01
1.499349200754713593e+03 9.998301267623901367e-01
1.499370034039568964e+03 9.990262389183044434e-01
1.499390867321882070e+03 9.996054768562316895e-01
1.499411700601433267e+03 1.000042676925659180e+00
1.499432533878036566e+03 9.995316863059997559e-01
1.499453367151548036e+03 9.981769323348999023e-01
1.499474200421863770e+03 9.985477924346923828e-01
1.499495033688923286e+03 9.991326332092285156e-01
1.499515866952712940e+03 9.982672929763793945e-01
1.499536700213261611e+03 9.992910027503967285e-01
1.499557533470644330e+03 9.993100762367248535e-01
1.499578366724977286e+03 9.994610548019409180e-01
1.499599199976421232e+03 9.996150135993957520e-01
1.499620033225171028e+03 9.999784827232360840e-01
1.499640866471460185e+03 9.992370009422302246e-01
1.499661699715551777e+03 9.998276829719543457e-01
1.499682532957734338e+03 9.993591904640197754e-01
1.499703366198318918e+03 1.000122308731079102e+00
1.499724199437633843e+03 9.990571141242980957e-01
1.499745032676017217e+03 9.995689392089843750e-01
1.499765865913810785e+03 9.991596937179565430e-01
1.499786699151356743e+03 9.998373985290527344e-01
1.499807532388988648e+03 9.998301267623901367e-01
1.499828365627028234e+03 1.000087499618530273e+00
1.499849198865779044e+03 9.993296861648559570e-01
1.499870032105520522e+03 9.998963475227355957e-01
1.499890865346503915e+03 1.000085115432739258e+00
1.499911698588946820e+03 1.000073671340942383e+00
1.499932531833032726e+03 9.992837309837341309e-01
1.499953365078903971e+03 9.993829131126403809e-01
1.499974198326660598e+03 9.990654587745666504e-01
1.499995031576359679e+03 9.989980459213256836e-01
1.500015864828012809e+03 9.994907379150390625e-01
1.500036698081586792e+03 1.000639915466308594e+00
1.500057531337005003e+03 9.996833801269531250e-01
1.500078364594145796e+03 9.998008012771606445e-01
1.500099197852850239e+03 1.000589013099670410e+00
1.500120031112917331e+03 9.998604655265808105e-01
1.500140864374113335e+03 9.998258948326110840e-01
1.500161697636172903e+03 1.000593900680541992e+00
1.500182530898805680e+03 1.000480651855468750e+00
1.500203364161698346e+03 9.999580979347229004e-01
1.500224197424524391e+03 9.988785386085510254e-01
1.500245030686943892e+03 9.996691346168518066e-01
1.500265863948616925e+03 9.992904663085937500e-01
1.500286697209200383e+03 9.998430013656616211e-01
1.500307530468360937e+03 9.988731741905212402e-01
1.500328363725779354e+03 9.985284209251403809e-01
1.500349196981153000e+03 9.998400211334228516e-01
1.500370030234204933e+03 9.994008541107177734e-01
1.500390863484684360e+03 9.994065165519714355e-01
1.500411696732376640e+03 1.000571012496948242e+00
1.500432529977102604e+03 1.000093579292297363e+00
1.500453363218721279e+03 9.992513060569763184e-01
1.500474196457135349e+03 1.000482320785522461e+00
1.500495029692291155e+03 1.000394701957702637e+00
1.500515862924179146e+03 1.001935482025146484e+00
1.500536696152834566e+03 1.000603199005126953e+00
1.500557529378337904e+03 1.000383138656616211e+00
1.500578362600812397e+03 1.001616239547729492e+00
1.500599195820422437e+03 1.001002550125122070e+00
1.500620029037369022e+03 1.000290632247924805e+00
1.500640862251888393e+03 1.000542283058166504e+00
1.500661695464247487e+03 1.000064253807067871e+00
1.500682528674738933e+03 1.000572085380554199e+00
1.500703361883677189e+03 9.993242025375366211e-01
1.500724195091390584e+03 1.000621676445007324e+00
1.500745028298218131e+03 1.001089930534362793e+00
1.500765861504502709e+03 1.000949144363403320e+00
1.500786694710585152e+03 1.000782489776611328e+00
1.500807527916797653e+03 1.001423358917236328e+00
1.500828361123461264e+03 1.000968933105468750e+00
1.500849194330874525e+03 9.998367428779602051e-01
1.500870027539314833e+03 1.001195669174194336e+00
1.500890860749029116e+03 9.998761415481567383e-01
1.500911693960231105e+03 1.000130534172058105e+00
1.500932527173097469e+03 1.001217365264892578e+00
1.500953360387767134e+03 9.989647269248962402e-01
1.500974193604332186e+03 1.000846743583679199e+00
1.500995026822845148e+03 1.000122904777526855e+00
1.501015860043313069e+03 9.998503327369689941e-01
1.501036693265695931e+03 1.000288963317871094e+00
1.501078359715832221e+03 9.989751577377319336e-01
1.501099192943292792e+03 9.971418380737304688e-01
1.501120026172090093e+03 9.976657629013061523e-01
1.501161692632706263e+03 9.977291226387023926e-01
1.501182525863963065e+03 9.990736842155456543e-01
1.501203359095440874e+03 9.997065663337707520e-01
1.501224192326807042e+03 1.000399231910705566e+00
1.501245025557724603e+03 9.990513324737548828e-01
1.501265858787851357e+03 1.000445842742919922e+00
1.501786688757563752e+03 1.001213550567626953e+00
1.501828355107801144e+03 1.000715017318725586e+00
1.501995020557850921e+03 1.000710248947143555e+00
1.502015853747207075e+03 9.998875856399536133e-01
1.502036686938471348e+03 1.001115560531616211e+00
1.502057520131555748e+03 9.995508193969726562e-01
1.502099186522617401e+03 1.000616192817687988e+00
1.502120019720213577e+03 9.998701214790344238e-01
1.502140852918875225e+03 1.000820398330688477e+00
1.502161686118330181e+03 9.989204406738281250e-01
1.502245018917876678e+03 9.998578429222106934e-01
1.502265852116527867e+03 9.989632964134216309e-01
1.502286685314004899e+03 9.986628293991088867e-01
1.502328351704127954e+03 9.990061521530151367e-01
1.502349184896163479e+03 9.995990395545959473e-01
1.502370018085811353e+03 1.000497817993164062e+00
1.502390851272831242e+03 9.993000626564025879e-01
1.504849161107875489e+03 9.968203902244567871e-01
1.504869994191908745e+03 9.966548085212707520e-01
1.504890827277339895e+03 9.977242946624755859e-01
1.504911660364363343e+03 9.982718229293823242e-01
1.504932493453134157e+03 9.991623163223266602e-01
1.504953326543768753e+03 9.994875192642211914e-01
1.504974159636338300e+03 1.000239014625549316e+00
1.504994992730870763e+03 1.000566124916076660e+00
1.505015825827349545e+03 9.997506141662597656e-01
1.505036658925711208e+03 9.997070431709289551e-01
1.505057492025850934e+03 9.997510910034179688e-01
1.505078325127621156e+03 1.000705122947692871e+00
1.505099158230834064e+03 1.000024437904357910e+00
1.505119991335267514e+03 1.000334143638610840e+00
1.505140824440667984e+03 1.000686764717102051e+00
1.505161657546751940e+03 1.000725865364074707e+00
1.505182490653213790e+03 9.993700385093688965e-01
1.505203323759729301e+03 9.992672801017761230e-01
1.505224156865965369e+03 1.000630378723144531e+00
1.505244989971579571e+03 1.000845074653625488e+00
1.505265823076229481e+03 1.000419735908508301e+00
1.505286656179578358e+03 1.000789999961853027e+00
1.505307489281301059e+03 1.000571370124816895e+00
1.505328322381088810e+03 1.000009417533874512e+00
1.505349155478653984e+03 1.000640869140625000e+00
1.505369988573739420e+03 1.001117706298828125e+00
1.505390821666115016e+03 1.000078916549682617e+00
1.505411654755589097e+03 1.001022815704345703e+00
1.505432487842006822e+03 1.000725984573364258e+00
1.505453320925256776e+03 9.996654987335205078e-01
1.505474154005269838e+03 1.000470876693725586e+00
1.505494987082020543e+03 1.000948905944824219e+00
1.505515820155530264e+03 1.000737786293029785e+00
1.505536653225862665e+03 1.000743031501770020e+00
1.505557486293125976e+03 1.001138567924499512e+00
1.505578319357471401e+03 1.000859379768371582e+00
1.505599152419088568e+03 1.000387787818908691e+00
1.505619985478200761e+03 1.000509262084960938e+00
1.505640818535066046e+03 1.000137567520141602e+00
1.505661651589966596e+03 1.001302123069763184e+00
1.505682484643211183e+03 1.000025749206542969e+00
1.505703317695124952e+03 1.000014305114746094e+00
1.505724150746042824e+03 1.000738739967346191e+00
1.505744983796306542e+03 1.000028610229492188e+00
1.505765816846258758e+03 9.995442628860473633e-01
1.505786649896235076e+03 1.000602960586547852e+00
1.505807482946561777e+03 9.998016953468322754e-01
1.505828315997545587e+03 1.000420331954956055e+00
1.505849149049470952e+03 1.000592589378356934e+00
1.505869982102596396e+03 1.000635027885437012e+00
1.505890815157147017e+03 1.000610470771789551e+00
1.505911648213314265e+03 1.000255346298217773e+00
1.505932481271248889e+03 1.000957489013671875e+00
1.505953314331059801e+03 9.998102188110351562e-01
1.505974147392814075e+03 1.001301527023315430e+00
1.505994980456531721e+03 1.000287652015686035e+00
1.506015813522192730e+03 9.999843239784240723e-01
1.506036646589725933e+03 1.000284671783447266e+00
1.506057479659021283e+03 1.000578165054321289e+00
1.506078312729925528e+03 9.997311234474182129e-01
1.506099145802246994e+03 9.999317526817321777e-01
1.506119978875760125e+03 9.996759891510009766e-01
1.506140811950204807e+03 9.992137551307678223e-01
1.506161645025295456e+03 9.989656209945678711e-01
1.506182478100723529e+03 9.997175335884094238e-01
1.506203311176164789e+03 9.998945593833923340e-01
1.506224144251282723e+03 9.993021488189697266e-01
1.506244977325735135e+03 1.000201106071472168e+00
1.506265810399179372e+03 9.988173246383666992e-01
1.506286643471280513e+03 9.995181560516357422e-01
1.506307476541715914e+03 1.000807404518127441e+00
1.506328309610178849e+03 9.996667504310607910e-01
1.506349142676385782e+03 1.001088857650756836e+00
1.506369975740080918e+03 9.994584321975708008e-01
1.506390808801040066e+03 1.001013755798339844e+00
1.506411641859077235e+03 9.997185468673706055e-01
1.506432474914042587e+03 1.000792503356933594e+00
1.506453307965830163e+03 9.986205697059631348e-01
1.506474141014375164e+03 1.000001668930053711e+00
1.506494974059659853e+03 1.000316739082336426e+00
1.506515807101710607e+03 9.998263120651245117e-01
1.506536640140597910e+03 9.999542236328125000e-01
1.506557473176434542e+03 1.000514030456542969e+00
1.506578306209376706e+03 9.997012615203857422e-01
1.506599139239619035e+03 9.996659159660339355e-01
1.506619972267390949e+03 1.000332951545715332e+00
1.506640805292951882e+03 1.000290632247924805e+00
1.506661638316589688e+03 1.000120162963867188e+00
1.506682471338613823e+03 1.000801205635070801e+00
1.506703304359352160e+03 9.998990893363952637e-01
1.506724137379140075e+03 1.000079274177551270e+00
1.506744970398319765e+03 1.000392675399780273e+00
1.506765803417233883e+03 9.992393851280212402e-01
1.506786636436218032e+03 9.991860985755920410e-01
1.506807469455593946e+03 1.000134706497192383e+00
1.506828302475667897e+03 9.993998408317565918e-01
1.506849135496719327e+03 1.000333189964294434e+00
1.506869968519003123e+03 1.000648975372314453e+00
1.506890801542742565e+03 9.993194937705993652e-01
1.506911634568120689e+03 9.995593428611755371e-01
1.506932467595283470e+03 9.993034601211547852e-01
1.506953300624335270e+03 9.989441037178039551e-01
1.506974133655337937e+03 9.989001154899597168e-01
1.506994966688306022e+03 9.999920725822448730e-01
1.507015799723209511e+03 9.995883703231811523e-01
1.507036632759975191e+03 9.998823404312133789e-01
1.507057465798487556e+03 1.001062989234924316e+00
1.507078298838587216e+03 1.000592708587646484e+00
1.507099131880078176e+03 9.999586343765258789e-01
1.507119964922727831e+03 1.000127077102661133e+00
1.507140797966274704e+03 9.996759295463562012e-01
1.507161631010431165e+03 1.000029802322387695e+00
1.507182464054884349e+03 9.994312524795532227e-01
1.507203297099307292e+03 9.996218681335449219e-01
1.507224130143363482e+03 9.997366070747375488e-01
1.507244963186710947e+03 1.000309705734252930e+00
1.507265796229007947e+03 9.991245269775390625e-01
1.507286629269919331e+03 9.996498823165893555e-01
1.507307462309123821e+03 9.993354678153991699e-01
1.507328295346320374e+03 9.992344975471496582e-01
1.507349128381225910e+03 9.992380738258361816e-01
1.507369961413589863e+03 1.000273585319519043e+00
1.507390794443193499e+03 9.984150528907775879e-01
1.507411627469853784e+03 9.989908933639526367e-01
1.507432460493428152e+03 9.986714720726013184e-01
1.507453293513813378e+03 9.980698823928833008e-01
1.507474126530953299e+03 9.993607997894287109e-01
1.507494959544835410e+03 1.000090837478637695e+00
1.507515792555491316e+03 1.000856995582580566e+00
1.507536625562996505e+03 1.000642776489257812e+00
1.507557458567471940e+03 1.001355767250061035e+00
1.507578291569077692e+03 1.002875685691833496e+00
1.507599124568012712e+03 1.001307487487792969e+00
1.507619957564509377e+03 1.002345800399780273e+00
1.507640790558834169e+03 1.001608014106750488e+00
1.507661623551276534e+03 1.001900792121887207e+00
1.507682456542148884e+03 1.000828385353088379e+00
1.507703289531779092e+03 1.000855565071105957e+00
1.507724122520504579e+03 1.000871419906616211e+00
1.507744955508670273e+03 9.998553395271301270e-01
1.507765788496615414e+03 9.999553561210632324e-01
1.507786621484673788e+03 1.000160574913024902e+00
1.507807454473166899e+03 9.992266297340393066e-01
1.507828287462397157e+03 9.999504685401916504e-01
1.507849120452642637e+03 1.001291751861572266e+00
1.507890786437143788e+03 9.993273615837097168e-01
1.507911619431798044e+03 1.001268744468688965e+00
1.507932452428255829e+03 9.999228715896606445e-01
1.507953285426612638e+03 1.000416398048400879e+00
1.507974118426925543e+03 1.000899672508239746e+00
1.507994951429204775e+03 9.999080896377563477e-01
1.508015784433413501e+03 1.000816226005554199e+00
1.508036617439473503e+03 1.000465989112854004e+00
1.508057450447261317e+03 1.001671314239501953e+00
1.508078283456615736e+03 1.001124739646911621e+00
1.508099116467332806e+03 1.000161886215209961e+00
1.508119949479178786e+03 1.000978827476501465e+00
1.508140782491887421e+03 1.000382184982299805e+00
1.508161615505165855e+03 9.993975758552551270e-01
1.508182448518699630e+03 9.998006820678710938e-01
1.508203281532162691e+03 1.000593066215515137e+00
1.508224114545214888e+03 9.989268183708190918e-01
1.508244947557515388e+03 9.988986253738403320e-01
1.508265780568721311e+03 1.000107407569885254e+00
1.508286613578500237e+03 1.000286102294921875e+00
1.508307446586534525e+03 9.998168945312500000e-01
1.508328279592521085e+03 1.000114917755126953e+00
1.508349112596184796e+03 9.990628361701965332e-01
1.508369945597278047e+03 9.994468092918395996e-01
1.508390778595586426e+03 1.000620603561401367e+00
1.508411611590930761e+03 9.989027976989746094e-01
1.508432444583174174e+03 9.997085332870483398e-01
1.508453277572221623e+03 9.993465542793273926e-01
1.508474110558021039e+03 9.987675547599792480e-01
1.508494943540564009e+03 1.000464797019958496e+00
1.508515776519889187e+03 9.995971322059631348e-01
1.508536609496080928e+03 1.000588774681091309e+00
1.508557442469261105e+03 9.992995262145996094e-01
1.508578275439597064e+03 9.989514946937561035e-01
1.508599108407292533e+03 9.998775720596313477e-01
1.508619941372585572e+03 9.995166659355163574e-01
1.508640774335742663e+03 9.997729063034057617e-01
1.508661607297058708e+03 1.000442266464233398e+00
1.508682440256849759e+03 1.000286698341369629e+00
1.508703273215442778e+03 9.995087981224060059e-01
1.508724106173177915e+03 9.994747638702392578e-01
1.508744939130398961e+03 9.995109438896179199e-01
1.508765772087445839e+03 9.996564388275146484e-01
1.508786605044649832e+03 1.000023961067199707e+00
1.508807438002330628e+03 9.994339346885681152e-01
1.508828270960788132e+03 9.987571239471435547e-01
1.508849103920296102e+03 9.985359311103820801e-01
1.508869936881101012e+03 9.994506239891052246e-01
1.508890769843415228e+03 9.989777803421020508e-01
1.508911602807414283e+03 9.989801645278930664e-01
1.508932435773231873e+03 9.988870620727539062e-01
1.508953268740960993e+03 9.999997615814208984e-01
1.508974101710652121e+03 9.997228384017944336e-01
1.508994934682307303e+03 9.990972280502319336e-01
1.509015767655886521e+03 1.000020503997802734e+00
1.509036600631305191e+03 1.000056266784667969e+00
1.509057433608433939e+03 9.988019466400146484e-01
1.509078266587104963e+03 1.000024318695068359e+00
1.509099099567113399e+03 1.001322627067565918e+00
1.509119932548218458e+03 9.995748400688171387e-01
1.509140765530149793e+03 9.997866749763488770e-01
1.509161598512612045e+03 1.000855922698974609e+00
1.509182431495290984e+03 1.001004219055175781e+00
1.509203264477855328e+03 1.000505328178405762e+00
1.509224097459965378e+03 1.000915169715881348e+00
1.509244930441280530e+03 1.000964164733886719e+00
1.509265763421457905e+03 1.000599741935729980e+00
1.509286596400167809e+03 1.000066995620727539e+00
1.509307429377093740e+03 1.000419855117797852e+00
1.509328262351936701e+03 1.000859141349792480e+00
1.509349095324422933e+03 1.000402092933654785e+00
1.509369928294310512e+03 1.000847339630126953e+00
1.509390761261389116e+03 1.000748395919799805e+00
1.509411594225484805e+03 1.000503182411193848e+00
1.509432427186466157e+03 1.000278830528259277e+00
1.509453260144244268e+03 1.000453114509582520e+00
1.509474093098771164e+03 1.000490188598632812e+00
1.509494926050046843e+03 1.000545740127563477e+00
1.509515758998115416e+03 1.001957297325134277e+00
1.509536591943063513e+03 1.000547409057617188e+00
1.509557424885022556e+03 1.000118613243103027e+00
1.509578257824164211e+03 1.000215053558349609e+00
1.509599090760694935e+03 1.000572681427001953e+00
1.509619923694858471e+03 1.000257015228271484e+00
1.509640756626925395e+03 1.000278353691101074e+00
1.509661589557194247e+03 1.001442074775695801e+00
1.509682422485979487e+03 9.992678165435791016e-01
1.509703255413613306e+03 1.000280499458312988e+00
1.509724088340437220e+03 1.000444769859313965e+00
1.509744921266791607e+03 1.000080943107604980e+00
1.509765754193017074e+03 1.000167608261108398e+00
1.509786587119445812e+03 9.995457530021667480e-01
1.509807420046393190e+03 9.999885559082031250e-01
1.509828252974155248e+03 1.000338912010192871e+00
1.509849085903004379e+03 1.000125408172607422e+00
1.509869918833181373e+03 1.001223325729370117e+00
1.509890751764894503e+03 1.000690698623657227e+00
1.509911584698314527e+03 9.999947547912597656e-01
1.509932417633568321e+03 1.000000000000000000e+00
1.509953250570745922e+03 1.000165700912475586e+00
1.509974083509888715e+03 1.000269770622253418e+00
1.509994916450995333e+03 1.000152111053466797e+00
1.510015749394018485e+03 9.992464184761047363e-01
1.510036582338868584e+03 1.000379204750061035e+00
1.510057415285411025e+03 1.000488519668579102e+00
1.510078248233472095e+03 9.993776082992553711e-01
1.510099081182843065e+03 1.000361680984497070e+00
1.510119914133277689e+03 1.000511884689331055e+00
1.510140747084503573e+03 9.996824264526367188e-01
1.510161580036222631e+03 1.000353455543518066e+00
1.510182412988116084e+03 1.000637292861938477e+00
1.510203245939853105e+03 1.000523924827575684e+00
1.510224078891093768e+03 1.000430703163146973e+00
1.510244911841494513e+03 1.000327587127685547e+00
1.510265744790717008e+03 9.996981024742126465e-01
1.510286577738431106e+03 1.000830292701721191e+00
1.510307410684320985e+03 1.000820875167846680e+00
1.510328243628093105e+03 9.995540380477905273e-01
1.510349076569478029e+03 1.000152826309204102e+00
1.510369909508234741e+03 9.998923540115356445e-01
1.510390742444159969e+03 1.000334858894348145e+00
1.510411575377085001e+03 1.000043869018554688e+00
1.510432408306883417e+03 9.989419579505920410e-01
1.510453241233469953e+03 9.998071789741516113e-01
1.510474074156806637e+03 1.000144481658935547e+00
1.510494907076896197e+03 1.000209450721740723e+00
1.510515739993789111e+03 1.000589370727539062e+00
1.510536572907578829e+03 9.994637370109558105e-01
1.510557405818401548e+03 9.987802505493164062e-01
1.510578238726432119e+03 9.971739649772644043e-01
1.510599071631885181e+03 9.971136450767517090e-01
1.510619904535006299e+03 9.975308775901794434e-01
1.510640737436071277e+03 9.960085749626159668e-01
1.510724069026013240e+03 1.000812768936157227e+00
1.510765734817087150e+03 1.000566482543945312e+00
1.510786567712829310e+03 9.994754791259765625e-01
1.510807400609131719e+03 9.997219443321228027e-01
1.510828233506290644e+03 9.985739588737487793e-01
1.510890732205407630e+03 9.994574189186096191e-01
1.511057395482115453e+03 9.992986321449279785e-01
1.511099061318469012e+03 9.986373186111450195e-01
1.511161560079982110e+03 9.994559884071350098e-01
1.511265724680547692e+03 9.994416832923889160e-01
1.511286557597350793e+03 1.000484466552734375e+00
1.511328223425081887e+03 9.984959363937377930e-01
1.511349056335451678e+03 9.993783831596374512e-01
1.511369889243167336e+03 9.987075924873352051e-01
1.511390722148029226e+03 9.996882081031799316e-01
1.511411555049874323e+03 9.988525509834289551e-01
1.511432387948580754e+03 9.987927675247192383e-01
1.511453220844070529e+03 9.990233778953552246e-01
1.511474053736309088e+03 9.989433288574218750e-01
1.511494886625308254e+03 1.000247001647949219e+00
1.511557385273634054e+03 9.997287392616271973e-01
1.511578218150655175e+03 1.000352144241333008e+00
1.511599051025129938e+03 1.000421643257141113e+00
1.511640716767472895e+03 9.994389414787292480e-01
1.511661549635923166e+03 9.990645647048950195e-01
1.511682382502979635e+03 9.992944598197937012e-01
1.511703215368976771e+03 9.992126822471618652e-01
1.511724048234257225e+03 9.995198845863342285e-01
1.511744881099162967e+03 9.991621375083923340e-01
1.511765713964032784e+03 9.985289573669433594e-01
1.511786546829192275e+03 9.988268613815307617e-01
1.511807379694955443e+03 9.992135167121887207e-01
1.511849045429425132e+03 9.988101124763488770e-01
1.511869878298628691e+03 9.989360570907592773e-01
1.511890711169419774e+03 9.984496235847473145e-01
1.511911544041959132e+03 9.991701245307922363e-01
1.511932376916365229e+03 9.989033937454223633e-01
1.511953209792714233e+03 1.000159978866577148e+00
1.511974042671037296e+03 9.991559386253356934e-01
1.511994875551319865e+03 9.994277954101562500e-01
1.512015708433504187e+03 9.992818236351013184e-01
1.512036541317487035e+03 9.992281794548034668e-01
1.512057374203126756e+03 9.997396469116210938e-01
1.512078207090237811e+03 1.000777721405029297e+00
1.512099039978600786e+03 1.000253081321716309e+00
1.512119872867963522e+03 9.998756647109985352e-01
1.512140705758045215e+03 1.000034093856811523e+00
1.512161538648543001e+03 9.992331266403198242e-01
1.512182371539134238e+03 9.989224076271057129e-01
1.512203204429484231e+03 1.000234723091125488e+00
1.512224037319252375e+03 9.992942214012145996e-01
1.512244870208096927e+03 1.001104950904846191e+00
1.512265703095678646e+03 1.000109314918518066e+00
1.512307368865767330e+03 1.001064181327819824e+00
1.512328201747675394e+03 1.000294089317321777e+00
1.512349034627133960e+03 9.989618659019470215e-01
1.512369867503912701e+03 9.995410442352294922e-01
1.512390700377816529e+03 9.991930127143859863e-01
1.512411533248687647e+03 9.994127154350280762e-01
1.512432366116409867e+03 9.997594952583312988e-01
1.512453198980910656e+03 9.995699524879455566e-01
1.512474031842161139e+03 9.995944499969482422e-01
1.512494864700179505e+03 9.990646243095397949e-01
1.512515697555026009e+03 9.996033906936645508e-01
1.512557363255664768e+03 9.999182820320129395e-01
1.512578196101789445e+03 9.989680051803588867e-01
1.512599028945402097e+03 9.998410344123840332e-01
1.512619861786756474e+03 9.996760487556457520e-01
1.512640694626135655e+03 9.992988705635070801e-01
1.512661527463845005e+03 1.000355124473571777e+00
1.512703193135557513e+03 1.000080466270446777e+00
1.512724025970237562e+03 9.999321699142456055e-01
1.512744858804590876e+03 1.000184059143066406e+00
1.512765691638952831e+03 1.000081896781921387e+00
1.512786524473650161e+03 9.993379116058349609e-01
1.512807357308992550e+03 9.991645812988281250e-01
1.512828190145267399e+03 1.000078678131103516e+00
1.512849022982733231e+03 9.992215037345886230e-01
1.512890688662120283e+03 9.983819723129272461e-01
1.512911521504390066e+03 9.996243715286254883e-01
1.512932354348541367e+03 9.999143481254577637e-01
1.512953187194644443e+03 1.000423669815063477e+00
1.512974020042724987e+03 9.994015693664550781e-01
1.512994852892762310e+03 1.000023007392883301e+00
1.513015685744693428e+03 9.992459416389465332e-01
1.513036518598409884e+03 9.993253946304321289e-01
1.513057351453762521e+03 9.999765157699584961e-01
1.513078184310562847e+03 9.996108412742614746e-01
1.513099017168586442e+03 9.997528791427612305e-01
1.513119850027577513e+03 9.990875124931335449e-01
1.513140682887251842e+03 9.999853968620300293e-01
1.513161515747303156e+03 9.998253583908081055e-01
1.513182348607407221e+03 1.000041365623474121e+00
1.513203181467229115e+03 9.998898506164550781e-01
1.513224014326426186e+03 1.000988602638244629e+00
1.513244847184656464e+03 9.989920258522033691e-01
1.513265680041585028e+03 9.994164705276489258e-01
1.513286512896886052e+03 1.000677466392517090e+00
1.513307345750251670e+03 9.999737143516540527e-01
1.513328178601397667e+03 1.000885367393493652e+00
1.513349011450065063e+03 1.000527143478393555e+00
1.513369844296027395e+03 1.000201344490051270e+00
1.513411509979113134e+03 1.000026702880859375e+00
1.513432342815974152e+03 9.999607801437377930e-01
1.513453175649610557e+03 9.998706579208374023e-01
1.513494841307164052e+03 1.000242710113525391e+00
1.513515674131170954e+03 9.995585083961486816e-01
1.513557339770194176e+03 9.990854263305664062e-01
1.513640671017827572e+03 1.000238656997680664e+00
1.513744835043719604e+03 9.987176656723022461e-01
1.513765667847710574e+03 9.986216425895690918e-01
1.513786500652081486e+03 9.991362094879150391e-01
1.513828166263166167e+03 9.988908767700195312e-01
1.513848999070420859e+03 9.992684125900268555e-01
1.513869831879126423e+03 1.000364899635314941e+00
1.513890664689471350e+03 1.001103758811950684e+00
1.513911497501605481e+03 1.000678539276123047e+00
1.513932330315635454e+03 1.000263571739196777e+00
1.513953163131626525e+03 1.000993728637695312e+00
1.513973995949598248e+03 9.991613626480102539e-01
1.513994828769523565e+03 1.000087618827819824e+00
1.514015661591333355e+03 1.001138687133789062e+00
1.514036494414914841e+03 9.991720318794250488e-01
1.514057327240112727e+03 1.000309824943542480e+00
1.514078160066734199e+03 9.991295337677001953e-01
1.514098992894549610e+03 9.995720982551574707e-01
1.514140658552697460e+03 1.000579476356506348e+00
1.514161491382432814e+03 9.988659620285034180e-01
1.514182324212181356e+03 9.989740848541259766e-01
1.514203157041605664e+03 9.998078346252441406e-01
1.514223989870363994e+03 1.000001430511474609e+00
1.514244822698113921e+03 1.000644445419311523e+00
1.514265655524520753e+03 1.000622510910034180e+00
1.514286488349262527e+03 9.996820688247680664e-01
1.514307321172033198e+03 9.992491602897644043e-01
1.514328153992551279e+03 9.994384050369262695e-01
1.514369819625844684e+03 1.000767946243286133e+00
1.514390652438212101e+03 9.983968734741210938e-01
1.514411485247518613e+03 9.998154640197753906e-01
1.514432318053658946e+03 9.999129772186279297e-01
1.514453150856572165e+03 1.000502347946166992e+00
1.514473983656241217e+03 9.996553063392639160e-01
1.514494816452694977e+03 1.000174045562744141e+00
1.514515649246006205e+03 9.998887181282043457e-01
1.514536482036291318e+03 1.000536084175109863e+00
1.514557314823706065e+03 1.000318527221679688e+00
1.514578147608448489e+03 9.989193081855773926e-01
1.514598980390748011e+03 9.996995925903320312e-01
1.514619813170867474e+03 9.992713332176208496e-01
1.514640645949095415e+03 9.991410374641418457e-01
1.514661478725742199e+03 9.996308088302612305e-01
1.514682311501134791e+03 9.998223781585693359e-01
1.514703144275610839e+03 9.988251328468322754e-01
1.514723977049512541e+03 1.000765919685363770e+00
1.514744809823181868e+03 1.001365661621093750e+00
1.514765642596953285e+03 9.995287656784057617e-01
1.514786475371149436e+03 1.000702500343322754e+00
1.514807308146073865e+03 9.996418356895446777e-01
1.514828140922007378e+03 9.989022016525268555e-01
1.514848973699202361e+03 1.000646829605102539e+00
1.514869806477878228e+03 9.998333454132080078e-01
1.514890639258218698e+03 1.000152230262756348e+00
1.514911472040367471e+03 1.001071453094482422e+00
1.514932304824427547e+03 1.000602483749389648e+00
1.514953137610456224e+03 1.000437498092651367e+00
1.514973970398466918e+03 1.000357747077941895e+00
1.514994803188429614e+03 9.998490810394287109e-01
1.515015635980267461e+03 9.994400739669799805e-01
1.515036468773861316e+03 1.000130057334899902e+00
1.515057301569052925e+03 1.000283598899841309e+00
1.515078134365642427e+03 1.000342726707458496e+00
1.515098967163396992e+03 9.999176859855651855e-01
1.515119799962053321e+03 9.993822574615478516e-01
1.515140632761321967e+03 9.995965957641601562e-01
1.515161465560889383e+03 1.000109553337097168e+00
1.515182298360430195e+03 9.994168877601623535e-01
1.515203131159604709e+03 9.995369315147399902e-01
1.515223963958071408e+03 9.997859001159667969e-01
1.515244796755489915e+03 1.000184416770935059e+00
1.515265629551525080e+03 1.000343918800354004e+00
1.515286462345857217e+03 1.001737952232360840e+00
1.515307295138183690e+03 1.000284790992736816e+00
1.515328127928225058e+03 9.997578859329223633e-01
1.515348960715732801e+03 9.998925328254699707e-01
1.515369793500487958e+03 1.000222444534301758e+00
1.515390626282311359e+03 9.994977712631225586e-01
1.515411459061059531e+03 1.000359058380126953e+00
1.515432291836635841e+03 9.997742772102355957e-01
1.515453124608981398e+03 1.000757813453674316e+00
1.515473957378089835e+03 1.000785589218139648e+00
1.515494790143992532e+03 1.000011801719665527e+00
1.515515622906769295e+03 1.000373482704162598e+00
1.515536455666541315e+03 1.000608205795288086e+00
1.515557288423471164e+03 1.001127123832702637e+00
1.515578121177758931e+03 1.000678658485412598e+00
1.515598953929640629e+03 1.000653862953186035e+00
1.515619786679382059e+03 1.000764012336730957e+00
1.515640619427275851e+03 9.996538162231445312e-01
1.515661452173633279e+03 9.997521042823791504e-01
1.515682284918782898e+03 1.000289201736450195e+00
1.515703117663065086e+03 1.000823974609375000e+00
1.515723950406821587e+03 1.000869393348693848e+00
1.515744783150393914e+03 1.001135945320129395e+00
1.515765615894114489e+03 1.000032663345336914e+00
1.515786448638304591e+03 1.000738382339477539e+00
1.515807281383265035e+03 1.001381993293762207e+00
1.515828114129271853e+03 1.001001596450805664e+00
1.515848946876575155e+03 1.001011371612548828e+00
1.515869779625387764e+03 1.000685334205627441e+00
1.515890612375890896e+03 1.000304460525512695e+00
1.515911445128222340e+03 1.000939249992370605e+00
1.515932277882478047e+03 1.000343322753906250e+00
1.515953110638710541e+03 1.000716209411621094e+00
1.515973943396928007e+03 1.000428557395935059e+00
1.515994776157091792e+03 9.995529651641845703e-01
1.516015608919122315e+03 9.999279379844665527e-01
1.516036441682894520e+03 1.000242114067077637e+00
1.516057274448242424e+03 1.000747442245483398e+00
1.516078107214963893e+03 9.988749027252197266e-01
