1.491870469648438984e+03 9.592576622962951660e-01
1.491912136745844919e+03 9.846172332763671875e-01
1.491932970296416670e+03 9.935410618782043457e-01
1.491953803848514326e+03 1.001211166381835938e+00
1.491974637402298868e+03 1.005153656005859375e+00
1.491995470957891257e+03 9.987969994544982910e-01
1.492016304515368347e+03 9.927691817283630371e-01
1.492037138074759923e+03 9.853670001029968262e-01
1.492057971636054162e+03 9.819454550743103027e-01
1.492078805199191493e+03 9.970802664756774902e-01
1.492099638764068914e+03 9.906414151191711426e-01
1.492120472330542498e+03 9.984155893325805664e-01
1.492141305898424662e+03 9.836516976356506348e-01
1.492162139467495081e+03 1.002962112426757812e+00
1.492182973037498869e+03 1.005943179130554199e+00
1.492203806608152718e+03 9.878257513046264648e-01
1.492224640179148537e+03 1.002479434013366699e+00
1.492245473750162319e+03 9.918311238288879395e-01
1.492266307320855049e+03 9.931285381317138672e-01
1.492287140890883393e+03 1.002031445503234863e+00
1.492307974459898787e+03 9.956241250038146973e-01
1.492328808027562445e+03 9.891631007194519043e-01
1.492349641593541946e+03 9.964662790298461914e-01
1.492412142278360079e+03 9.922441244125366211e-01
1.492432975834713716e+03 1.011065840721130371e+00
1.492453809388082163e+03 9.982640147209167480e-01
1.492474642938304669e+03 9.990677833557128906e-01
1.492495476485265044e+03 9.924666285514831543e-01
1.492516310028888256e+03 9.967588186264038086e-01
1.492557977106055660e+03 1.002139925956726074e+00
1.492599644170116107e+03 1.008673191070556641e+00
1.492620477697520755e+03 9.968003034591674805e-01
1.492662144744015905e+03 1.012075543403625488e+00
1.492682978263586620e+03 1.007247209548950195e+00
1.492703811781076865e+03 1.016362190246582031e+00
1.492724645296795416e+03 1.001440644264221191e+00
1.492745478811067642e+03 1.009338617324829102e+00
1.492807979348627669e+03 9.898871779441833496e-01
1.492828812860542030e+03 9.933884739875793457e-01
1.492849646372711959e+03 9.981823563575744629e-01
1.492912146913758534e+03 9.968140721321105957e-01
1.492932980429826330e+03 1.002135515213012695e+00
1.492953813947442768e+03 1.005956172943115234e+00
1.492974647466762008e+03 1.000550985336303711e+00
1.492995480987900692e+03 1.004799008369445801e+00
1.493016314510929078e+03 9.958463907241821289e-01
1.493037148035872860e+03 1.000463128089904785e+00
1.493057981562712712e+03 1.003784060478210449e+00
1.493078815091384286e+03 9.919743537902832031e-01
1.493099648621777988e+03 9.960203766822814941e-01
1.493120482153743978e+03 1.003310441970825195e+00
1.493162149221594973e+03 9.990831613540649414e-01
1.493182982756995216e+03 9.881542325019836426e-01
1.493203816293004593e+03 9.986113905906677246e-01
1.493224649829314103e+03 1.004542112350463867e+00
1.493245483365596556e+03 1.001763820648193359e+00
1.493266316901512255e+03 1.007329583168029785e+00
1.493287150436716274e+03 9.926727414131164551e-01
1.493307983970862324e+03 9.926155209541320801e-01
1.493328817503611617e+03 9.949213862419128418e-01
1.493349651034634462e+03 9.896073341369628906e-01
1.493370484563619357e+03 9.991071224212646484e-01
1.493391318090278673e+03 1.000625133514404297e+00
1.493412151614350705e+03 9.923401474952697754e-01
1.493432985135605804e+03 1.000009417533874512e+00
1.493453818653852295e+03 1.007249355316162109e+00
1.493474652168935108e+03 9.960877895355224609e-01
1.493495485680742377e+03 9.959797859191894531e-01
1.493516319189205660e+03 1.001764297485351562e+00
1.493537152694302449e+03 9.955303668975830078e-01
1.493557986196053434e+03 1.005373239517211914e+00
1.493578819694528647e+03 9.872127175331115723e-01
1.493599653189836999e+03 9.877992868423461914e-01
1.493620486682133333e+03 1.001477003097534180e+00
1.493641320171609777e+03 1.010978937149047852e+00
1.493662153658495072e+03 1.006853938102722168e+00
1.493682987143049786e+03 1.007446765899658203e+00
1.493703820625562230e+03 9.926488995552062988e-01
1.493724654106344360e+03 1.007213592529296875e+00
1.493745487585723595e+03 1.001531600952148438e+00
1.493766321064040085e+03 9.979915618896484375e-01
1.493787154541640120e+03 1.002277374267578125e+00
1.493807988018869310e+03 9.999501705169677734e-01
1.493828821496067349e+03 9.943506717681884766e-01
1.493849654973560291e+03 1.002622961997985840e+00
1.493870488451660549e+03 1.002589702606201172e+00
1.493891321930653248e+03 9.961307048797607422e-01
1.493912155410798960e+03 9.989016056060791016e-01
1.493932988892323010e+03 9.986122846603393555e-01
1.493953822375417758e+03 9.947625994682312012e-01
1.493974655860233042e+03 1.002207279205322266e+00
1.493995489346878685e+03 1.000823140144348145e+00
1.494016322835418805e+03 1.000293493270874023e+00
1.494037156325874093e+03 9.996446371078491211e-01
1.494057989818219312e+03 1.012676239013671875e+00
1.494078823312382838e+03 9.916713237762451172e-01
1.494099656808252576e+03 1.004946351051330566e+00
1.494120490305670273e+03 9.988925457000732422e-01
1.494141323804441299e+03 9.998139142990112305e-01
1.494162157304334187e+03 9.975438117980957031e-01
1.494182990805087911e+03 1.001015901565551758e+00
1.494203824306410525e+03 9.944245219230651855e-01
1.494224657807990980e+03 1.000441789627075195e+00
1.494245491309499812e+03 9.981653690338134766e-01
1.494266324810596643e+03 1.000274658203125000e+00
1.494287158310935183e+03 9.888151288032531738e-01
1.494307991810170506e+03 9.919695854187011719e-01
1.494328825307964053e+03 1.002280354499816895e+00
1.494349658803989087e+03 1.011027932167053223e+00
1.494370492297936607e+03 9.949360489845275879e-01
1.494391325789522398e+03 9.820429086685180664e-01
1.494412159278487479e+03 1.008589386940002441e+00
1.494432992764608798e+03 1.004140138626098633e+00
1.494453826247697407e+03 1.003834962844848633e+00
1.494474659727605285e+03 1.003116726875305176e+00
1.494495493204225113e+03 1.002993106842041016e+00
1.494516326677495272e+03 9.824233055114746094e-01
1.494537160147398026e+03 1.007140278816223145e+00
1.494557993613962708e+03 1.003256320953369141e+00
1.494578827077261167e+03 9.960838556289672852e-01
1.494599660537411410e+03 9.934163093566894531e-01
1.494620493994571916e+03 9.959669709205627441e-01
1.494641327448940046e+03 9.934749007225036621e-01
1.494662160900748859e+03 1.011464595794677734e+00
1.494682994350262788e+03 1.002029061317443848e+00
1.494703827797774466e+03 9.938632249832153320e-01
1.494724661243596302e+03 9.975189566612243652e-01
1.494745494688059580e+03 9.985009431838989258e-01
1.494766328131505588e+03 9.853151440620422363e-01
1.494787161574279253e+03 9.950962066650390625e-01
1.494828828459185615e+03 1.007558465003967285e+00
1.494849661901982017e+03 1.000851392745971680e+00
1.494870495345423706e+03 1.001812577247619629e+00
1.494891328789793306e+03 1.013060808181762695e+00
1.494953829130859049e+03 1.006582975387573242e+00
1.494974662581147186e+03 1.002037525177001953e+00
1.494995496033276595e+03 9.987465739250183105e-01
1.495016329487305711e+03 1.005437612533569336e+00
1.495037162943248632e+03 9.986116886138916016e-01
1.495057996401074206e+03 9.950747489929199219e-01
1.495078829860705582e+03 9.985096454620361328e-01
1.495099663322023389e+03 1.001931190490722656e+00
1.495120496784866418e+03 9.973491430282592773e-01
1.495141330249034354e+03 9.973652958869934082e-01
1.495162163714291637e+03 9.945997595787048340e-01
1.495182997180371331e+03 1.012886524200439453e+00
1.495203830646981714e+03 9.983654022216796875e-01
1.495224664113806966e+03 1.002895236015319824e+00
1.495245497580515575e+03 1.002977132797241211e+00
1.495266331046767164e+03 9.979210495948791504e-01
1.495287164512215440e+03 1.003718614578247070e+00
1.495307997976514343e+03 1.005619883537292480e+00
1.495328831439328269e+03 1.003504395484924316e+00
1.495349664900331845e+03 1.001364111900329590e+00
1.495370498359218800e+03 9.935495257377624512e-01
1.495391331815707645e+03 1.009420514106750488e+00
1.495412165269545312e+03 9.979754686355590820e-01
1.495432998720511478e+03 1.000281810760498047e+00
1.495453832168424242e+03 1.002022027969360352e+00
1.495474665613138086e+03 1.010041713714599609e+00
1.495495499054553193e+03 9.910003542900085449e-01
1.495516332492614083e+03 1.003205537796020508e+00
1.495537165927308934e+03 9.979721307754516602e-01
1.495557999358671395e+03 1.000642776489257812e+00
1.495578832786782414e+03 1.015453100204467773e+00
1.495599666211761587e+03 9.987384080886840820e-01
1.495620499633775125e+03 9.965875148773193359e-01
1.495641333053025164e+03 9.967872500419616699e-01
1.495662166469748172e+03 1.003943681716918945e+00
1.495682999884214041e+03 9.973378181457519531e-01
1.495703833296716539e+03 1.002082109451293945e+00
1.495724666707572396e+03 1.000916719436645508e+00
1.495745500117113352e+03 1.002347588539123535e+00
1.495766333525681375e+03 1.003527402877807617e+00
1.495787166933622984e+03 9.983690977096557617e-01
1.495808000341283332e+03 1.006618738174438477e+00
1.495828833748998250e+03 9.964246749877929688e-01
1.495849667157093108e+03 9.938715696334838867e-01
1.495870500565870088e+03 9.900414943695068359e-01
1.495891333975611815e+03 9.951466917991638184e-01
1.495912167386566807e+03 1.002762794494628906e+00
1.495933000798955391e+03 9.971644878387451172e-01
1.495953834212956735e+03 1.000079751014709473e+00
1.495974667628711586e+03 1.011441230773925781e+00
1.495995501046317031e+03 1.001531004905700684e+00
1.496016334465827185e+03 1.002044320106506348e+00
1.496037167887249325e+03 1.000722885131835938e+00
1.496058001310547070e+03 9.958422183990478516e-01
1.496078834735637201e+03 9.843548536300659180e-01
1.496099668162395119e+03 9.990106821060180664e-01
1.496120501590653248e+03 1.002800464630126953e+00
1.496141335020208771e+03 9.992568492889404297e-01
1.496162168450819081e+03 9.959331154823303223e-01
1.496183001882216331e+03 9.994433522224426270e-01
1.496203835314103117e+03 1.007953166961669922e+00
1.496224668746162479e+03 9.968413114547729492e-01
1.496245502178060860e+03 1.004407405853271484e+00
1.496266335609457656e+03 9.954286217689514160e-01
1.496287169040004756e+03 9.962851405143737793e-01
1.496308002469359508e+03 1.002894163131713867e+00
1.496328835897184490e+03 1.004011869430541992e+00
1.496349669323158196e+03 9.919983744621276855e-01
1.496370502746977536e+03 9.988973140716552734e-01
1.496391336168363978e+03 9.984953403472900391e-01
1.496412169587068092e+03 1.004564762115478516e+00
1.496433003002875239e+03 1.003453850746154785e+00
1.496453836415606702e+03 1.003345847129821777e+00
1.496474669825124693e+03 9.994822740554809570e-01
1.496495503231334169e+03 9.964447021484375000e-01
1.496516336634185564e+03 9.973375797271728516e-01
1.496537170033672965e+03 9.924677610397338867e-01
1.496558003429836162e+03 1.014681577682495117e+00
1.496578836822760422e+03 1.012464165687561035e+00
1.496599670212574210e+03 9.948813915252685547e-01
1.496620503599445783e+03 1.009227395057678223e+00
1.496641336983583415e+03 1.003962278366088867e+00
1.496662170365228121e+03 1.010143518447875977e+00
1.496683003744652524e+03 1.002707481384277344e+00
1.496703837122154255e+03 1.001761436462402344e+00
1.496724670498052774e+03 9.978980422019958496e-01
1.496745503872680047e+03 9.938456416130065918e-01
1.496766337246380772e+03 1.005497336387634277e+00
1.496787170619500785e+03 1.012701153755187988e+00
1.496808003992383419e+03 1.003458261489868164e+00
1.496828837365365644e+03 1.002324223518371582e+00
1.496849670738767827e+03 1.001857042312622070e+00
1.496870504112891467e+03 9.941091537475585938e-01
1.496891337488014415e+03 1.003132820129394531e+00
1.496912170864382233e+03 9.992366433143615723e-01
1.496933004242208881e+03 1.000642299652099609e+00
1.496953837621669209e+03 1.000778675079345703e+00
1.496974671002898731e+03 9.975600838661193848e-01
1.496995504385989079e+03 1.007490158081054688e+00
1.497016337770987775e+03 1.007177591323852539e+00
1.497037171157896864e+03 1.012786626815795898e+00
1.497058004546672692e+03 1.008964300155639648e+00
1.497078837937228172e+03 9.964047074317932129e-01
1.497099671329431885e+03 9.980068802833557129e-01
1.497120504723112163e+03 9.881509542465209961e-01
1.497141338118058911e+03 9.950060248374938965e-01
1.497162171514029296e+03 9.981598854064941406e-01
1.497183004910747513e+03 9.993079304695129395e-01
1.497203838307916612e+03 9.931777119636535645e-01
1.497224671705214632e+03 1.016181588172912598e+00
1.497245505102308925e+03 9.999837875366210938e-01
1.497266338498855703e+03 1.006055355072021484e+00
1.497287171894508219e+03 9.980304837226867676e-01
1.497308005288923823e+03 1.012058377265930176e+00
1.497328838681767593e+03 1.006682157516479492e+00
1.497349672072719613e+03 1.003364443778991699e+00
1.497370505461479070e+03 1.005712985992431641e+00
1.497391338847771976e+03 9.974197149276733398e-01
1.497412172231353225e+03 9.931950569152832031e-01
1.497433005612010902e+03 1.006423711776733398e+00
1.497453838989574251e+03 1.005075931549072266e+00
1.497474672363908894e+03 9.906354546546936035e-01
1.497495505734927292e+03 9.977903366088867188e-01
1.497516339102583970e+03 9.975963234901428223e-01
1.497537172466879611e+03 9.975737333297729492e-01
1.497558005827861507e+03 9.974648952484130859e-01
1.497578839185618790e+03 1.004760384559631348e+00
1.497599672540284928e+03 1.007720232009887695e+00
1.497620505892035681e+03 1.001428484916687012e+00
1.497641339241081596e+03 9.962311387062072754e-01
1.497662172587670284e+03 9.909044504165649414e-01
1.497683005932076185e+03 1.005888581275939941e+00
1.497703839274601251e+03 1.002950549125671387e+00
1.497724672615566078e+03 1.002387881278991699e+00
1.497745505955304907e+03 1.004313826560974121e+00
1.497766339294163117e+03 9.918734431266784668e-01
1.497787172632486090e+03 1.008611917495727539e+00
1.497808005970617842e+03 9.920739531517028809e-01
1.497828839308891247e+03 9.888816475868225098e-01
1.497849672647627358e+03 9.947380423545837402e-01
1.497870505987122669e+03 1.005196809768676758e+00
1.497891339327651849e+03 9.974839091300964355e-01
1.497912172669456595e+03 9.958627223968505859e-01
1.497953839357690185e+03 1.001389026641845703e+00
1.497974672704417799e+03 9.978623986244201660e-01
1.497995506053016015e+03 9.916872978210449219e-01
1.498016339403526445e+03 1.006695628166198730e+00
1.498037172755944084e+03 9.987768530845642090e-01
1.498058006110219821e+03 9.898043870925903320e-01
1.498078839466261797e+03 9.936534762382507324e-01
1.498099672823932679e+03 1.000918626785278320e+00
1.498120506183055113e+03 9.975200891494750977e-01
1.498141339543414688e+03 1.001839399337768555e+00
1.498162172904764475e+03 1.003152251243591309e+00
1.498183006266825032e+03 1.002990603446960449e+00
1.498203839629295089e+03 1.008842706680297852e+00
1.498224672991853367e+03 9.953545331954956055e-01
1.498245506354162671e+03 9.910969734191894531e-01
1.498266339715880349e+03 9.998995065689086914e-01
1.498287173076660110e+03 1.000439882278442383e+00
1.498308006436157712e+03 1.014292120933532715e+00
1.498328839794041642e+03 9.981965422630310059e-01
1.498349673149994260e+03 9.936652183532714844e-01
1.498370506503717479e+03 9.950708150863647461e-01
1.498391339854940497e+03 1.007550001144409180e+00
1.498412173203422981e+03 9.955467581748962402e-01
1.498433006548958701e+03 1.005535125732421875e+00
1.498453839891380539e+03 1.005786895751953125e+00
1.498474673230560256e+03 1.006562829017639160e+00
1.498495506566416680e+03 9.890493750572204590e-01
1.498516339898908882e+03 9.953104257583618164e-01
1.498537173228044821e+03 1.005657434463500977e+00
1.498558006553876339e+03 1.002362012863159180e+00
1.498578839876499387e+03 1.002147555351257324e+00
1.498599673196053573e+03 1.002859354019165039e+00
1.498620506512718066e+03 9.976881742477416992e-01
1.498641339826709782e+03 1.009415149688720703e+00
1.498662173138278604e+03 1.006807446479797363e+00
1.498683006447703974e+03 1.003053784370422363e+00
1.498703839755290574e+03 1.000536322593688965e+00
1.498724673061360363e+03 1.001084089279174805e+00
1.498745506366249629e+03 9.986701607704162598e-01
1.498766339670304433e+03 1.008026242256164551e+00
1.498787172973870838e+03 9.977830648422241211e-01
1.498808006277291042e+03 1.000714421272277832e+00
1.498828839580897238e+03 1.007936239242553711e+00
1.498849672885006157e+03 1.002624869346618652e+00
1.498870506189913613e+03 9.987295866012573242e-01
1.498891339495888587e+03 1.000856995582580566e+00
1.498912172803170051e+03 1.000578999519348145e+00
1.498933006111961276e+03 1.007271409034729004e+00
1.498953839422427563e+03 9.979150295257568359e-01
1.498974672734692376e+03 1.001696467399597168e+00
1.498995506048836887e+03 9.971763491630554199e-01
1.499016339364895885e+03 9.945666790008544922e-01
1.499037172682859136e+03 9.969807863235473633e-01
1.499058006002673437e+03 9.956268072128295898e-01
1.499078839324237606e+03 9.964015483856201172e-01
1.499099672647410898e+03 9.966560006141662598e-01
1.499120505972010733e+03 9.873841404914855957e-01
1.499141339297818149e+03 1.003818154335021973e+00
1.499162172624581444e+03 1.007144451141357422e+00
1.499183005952018902e+03 9.939152002334594727e-01
1.499203839279825161e+03 1.002689719200134277e+00
1.499224672607676894e+03 1.003321409225463867e+00
1.499245505935236906e+03 1.000439763069152832e+00
1.499266339262159363e+03 1.005342841148376465e+00
1.499287172588100020e+03 1.002539515495300293e+00
1.499308005912716453e+03 1.004398345947265625e+00
1.499328839235676924e+03 9.941783547401428223e-01
1.499349672556665837e+03 1.005757808685302734e+00
1.499370505875390791e+03 9.983898401260375977e-01
1.499391339191582802e+03 1.007182002067565918e+00
1.499412172505006311e+03 1.001285314559936523e+00
1.499433005815459865e+03 1.004587531089782715e+00
1.499453839122780664e+03 9.994606971740722656e-01
1.499474672426848656e+03 9.958009123802185059e-01
1.499495505727584941e+03 1.008124589920043945e+00
1.499516339024957688e+03 1.012669563293457031e+00
1.499537172318978946e+03 9.988983273506164551e-01
1.499558005609707379e+03 9.990658760070800781e-01
1.499578838897244395e+03 9.932218790054321289e-01
1.499599672181734604e+03 9.984698891639709473e-01
1.499620505463362406e+03 1.016193389892578125e+00
1.499641338742349035e+03 1.007140278816223145e+00
1.499662172018950059e+03 1.002737879753112793e+00
1.499683005293446740e+03 9.913581609725952148e-01
1.499703838566145578e+03 1.005794882774353027e+00
1.499724671837373307e+03 9.927058815956115723e-01
1.499745505107467352e+03 9.924943447113037109e-01
1.499766338376773319e+03 1.003035426139831543e+00
1.499787171645636818e+03 9.983956813812255859e-01
1.499808004914399362e+03 1.002983331680297852e+00
1.499828838183391326e+03 1.000784635543823242e+00
1.499849671452928078e+03 9.923962354660034180e-01
1.499870504723300428e+03 9.948713183403015137e-01
1.499891337994774631e+03 9.848023056983947754e-01
1.499912171267586018e+03 1.001231312751770020e+00
1.499933004541931723e+03 1.014721751213073730e+00
1.499953837817972271e+03 1.003137588500976562e+00
1.499995504375566725e+03 1.001049280166625977e+00
1.500016337657224767e+03 9.999644756317138672e-01
1.500037170940784790e+03 1.000179052352905273e+00
1.500058004226184494e+03 1.016230463981628418e+00
1.500078837513319968e+03 9.939177632331848145e-01
1.500099670802044102e+03 9.908754229545593262e-01
1.500141337383473001e+03 9.957773089408874512e-01
1.500162170675697780e+03 9.976663589477539062e-01
1.500183003968558751e+03 1.000566482543945312e+00
1.500203837261750095e+03 9.987093806266784668e-01
1.500224670554943032e+03 9.933920502662658691e-01
1.500245503847800592e+03 9.932641983032226562e-01
1.500266337139978305e+03 1.005339384078979492e+00
1.500287170431128516e+03 9.952141046524047852e-01
1.500308003720912438e+03 1.000929474830627441e+00
1.500349670295075157e+03 9.957549571990966797e-01
1.500370503578851185e+03 9.967052936553955078e-01
1.500391336860062893e+03 1.001817584037780762e+00
1.500412170138478814e+03 9.955061078071594238e-01
1.500433003413903180e+03 9.896571636199951172e-01
1.500453836686177965e+03 9.984509944915771484e-01
1.500474669955188574e+03 1.003531217575073242e+00
1.500495503220861337e+03 1.000768303871154785e+00
1.500516336483172154e+03 1.009466648101806641e+00
1.500537169742136484e+03 1.003396749496459961e+00
1.500558002997820722e+03 1.001099348068237305e+00
1.500578836250330824e+03 1.005302906036376953e+00
1.500599669499817537e+03 9.999882578849792480e-01
1.500620502746470947e+03 1.002399682998657227e+00
1.500641335990516154e+03 1.003878712654113770e+00
1.500662169232211909e+03 9.864277839660644531e-01
1.500683002471843110e+03 9.964164495468139648e-01
1.500703835709720579e+03 1.004753232002258301e+00
1.500724668946171960e+03 9.995443820953369141e-01
1.500745502181536040e+03 1.004164457321166992e+00
1.500766335416158199e+03 9.996057152748107910e-01
1.500787168650384274e+03 1.011201143264770508e+00
1.500808001884556006e+03 1.005105614662170410e+00
1.500828835118999677e+03 1.008098125457763672e+00
1.500849668354028381e+03 1.001069426536560059e+00
1.500870501589932019e+03 1.002807497978210449e+00
1.500891334826971161e+03 9.930275082588195801e-01
1.500912168065376136e+03 9.865456819534301758e-01
1.500933001305340895e+03 9.940348863601684570e-01
1.500953834547019369e+03 1.001710772514343262e+00
1.500974667790524109e+03 1.005971550941467285e+00
1.500995501035923780e+03 9.962477087974548340e-01
1.501016334283243623e+03 9.947421550750732422e-01
1.501037167532461126e+03 1.005698204040527344e+00
1.501078834036276930e+03 1.005539178848266602e+00
1.501099667290612615e+03 9.979267716407775879e-01
1.501120500546323683e+03 1.003940343856811523e+00
1.501141333803181624e+03 1.001416563987731934e+00
1.501162167060927004e+03 9.961072206497192383e-01
1.501183000319270832e+03 1.001103401184082031e+00
1.501203833577905016e+03 1.004091978073120117e+00
1.501224666836498045e+03 1.002741694450378418e+00
1.501245500094711360e+03 9.935066103935241699e-01
1.501266333352200718e+03 1.006630539894104004e+00
1.501287166608620282e+03 9.904741048812866211e-01
1.501307999863629902e+03 1.005805730819702148e+00
1.501328833116902388e+03 1.010359764099121094e+00
1.501349666368126464e+03 9.938446879386901855e-01
1.501370499617016094e+03 1.000923156738281250e+00
1.501391332863310481e+03 9.998665452003479004e-01
1.501412166106782934e+03 1.005877494812011719e+00
1.501432999347242003e+03 1.008476138114929199e+00
1.501453832584535121e+03 9.879299402236938477e-01
1.501474665818553149e+03 9.978507757186889648e-01
1.501495499049229011e+03 9.927157163619995117e-01
1.501516332276543608e+03 1.009380459785461426e+00
1.501537165500520359e+03 1.002269148826599121e+00
1.501557998721229524e+03 1.004346489906311035e+00
1.501578831938783651e+03 9.953721165657043457e-01
1.501599665153338492e+03 1.000615715980529785e+00
1.501620498365088906e+03 1.013107776641845703e+00
1.501641331574265450e+03 1.002918720245361328e+00
1.501662164781128922e+03 1.001971125602722168e+00
1.501682997985969905e+03 1.005658864974975586e+00
1.501703831189100129e+03 9.948081970214843750e-01
1.501724664390848602e+03 1.004901051521301270e+00
1.501745497591557296e+03 1.006267666816711426e+00
1.501766330791570908e+03 1.011346817016601562e+00
1.501787163991235275e+03 9.915468096733093262e-01
1.501807997190889637e+03 1.004308581352233887e+00
1.501828830390860048e+03 1.000842571258544922e+00
1.501849663591457102e+03 1.000290274620056152e+00
1.501870496792965469e+03 9.962301254272460938e-01
1.501891329995643446e+03 9.914041161537170410e-01
1.501912163199715678e+03 1.012155294418334961e+00
1.501932996405371114e+03 1.006327867507934570e+00
1.501953829612760046e+03 1.004975438117980957e+00
1.501974662821988659e+03 9.982469081878662109e-01
1.501995496033120389e+03 9.993540644645690918e-01
1.502016329246172290e+03 1.004583120346069336e+00
1.502037162461116850e+03 1.003029942512512207e+00
1.502057995677882218e+03 9.970579147338867188e-01
1.502078828896351069e+03 9.942896366119384766e-01
1.502099662116366289e+03 1.003045678138732910e+00
1.502120495337728926e+03 9.895663261413574219e-01
1.502266327902143757e+03 9.901031851768493652e-01
1.502307994344201461e+03 1.006490468978881836e+00
1.502328827562726701e+03 9.950033426284790039e-01
1.502349660779166925e+03 9.901624321937561035e-01
1.502370493993238142e+03 9.949018359184265137e-01
1.502391327204684330e+03 9.966094493865966797e-01
1.502412160413282891e+03 9.945769906044006348e-01
1.502432993618846695e+03 9.925338029861450195e-01
1.502453826821230450e+03 9.883341193199157715e-01
1.502474660020328656e+03 1.002421259880065918e+00
1.502495493216081286e+03 9.981417655944824219e-01
1.502516326408474470e+03 9.943287968635559082e-01
1.502537159597538675e+03 1.005556106567382812e+00
1.502557992783348482e+03 9.988036751747131348e-01
1.502578825966023260e+03 9.958462715148925781e-01
1.502599659145723535e+03 9.932035207748413086e-01
1.502620492322649625e+03 1.000742554664611816e+00
1.502641325497035268e+03 9.908004403114318848e-01
1.502662158669146038e+03 1.014548897743225098e+00
1.502682991839275473e+03 9.942351579666137695e-01
1.502703825007738260e+03 9.882685542106628418e-01
1.502724658174866136e+03 9.969719648361206055e-01
1.502745491340999479e+03 9.871575832366943359e-01
1.502766324506485489e+03 9.987692832946777344e-01
1.502787157671668638e+03 1.006520271301269531e+00
1.502807990836886347e+03 1.007556676864624023e+00
1.502828824002464444e+03 9.903979897499084473e-01
1.502849657168708063e+03 9.855166077613830566e-01
1.502870490335900286e+03 9.928613305091857910e-01
1.502891323504295769e+03 9.947344660758972168e-01
1.502912156674114613e+03 9.830768704414367676e-01
1.502932989845540988e+03 9.862786531448364258e-01
1.502953823018717458e+03 9.921184182167053223e-01
1.502974656193746341e+03 1.000611543655395508e+00
1.505016304192040479e+03 9.690067768096923828e-01
1.505037137304608223e+03 9.791572690010070801e-01
1.505057970418959258e+03 9.916684031486511230e-01
1.505078803534962617e+03 9.919201731681823730e-01
1.505099636652442086e+03 9.968046545982360840e-01
1.505120469771187800e+03 9.894988536834716797e-01
1.505141302890954194e+03 9.996943473815917969e-01
1.505162136011466600e+03 9.909350872039794922e-01
1.505203802253504591e+03 1.005889654159545898e+00
1.505224635374374884e+03 9.900607466697692871e-01
1.505245468494691977e+03 9.929326772689819336e-01
1.505266301614109580e+03 9.957319498062133789e-01
1.505307967848879798e+03 9.886999130249023438e-01
1.505328800963579170e+03 9.984819293022155762e-01
1.505370467186118049e+03 1.001041293144226074e+00
1.505391300293441645e+03 9.972477555274963379e-01
1.505412133397843718e+03 1.000597715377807617e+00
1.505432966499152599e+03 1.001314878463745117e+00
1.505453799597239367e+03 9.868564605712890625e-01
1.505474632692017394e+03 9.983379244804382324e-01
1.505495465783443024e+03 9.847725033760070801e-01
1.505516298871520121e+03 9.915064573287963867e-01
1.505537131956296662e+03 1.001443147659301758e+00
1.505557965037864278e+03 9.917660951614379883e-01
1.505578798116359849e+03 9.851865172386169434e-01
1.505599631191959816e+03 1.002167820930480957e+00
1.505620464264877228e+03 9.981461167335510254e-01
1.505641297335360832e+03 1.005492806434631348e+00
1.505662130403685296e+03 9.899525642395019531e-01
1.505682963470154391e+03 9.939351677894592285e-01
1.505703796535090987e+03 1.008348226547241211e+00
1.505724629598829097e+03 9.987313747406005859e-01
1.505745462661713418e+03 1.000827670097351074e+00
1.505766295724089105e+03 9.965662956237792969e-01
1.505787128786300627e+03 9.987779855728149414e-01
1.505807961848681771e+03 9.843136072158813477e-01
1.505828794911550403e+03 9.975013136863708496e-01
1.505849627975203475e+03 9.947203397750854492e-01
1.505870461039912470e+03 9.908937215805053711e-01
1.505891294105919087e+03 1.012257337570190430e+00
1.505912127173430918e+03 9.997678995132446289e-01
1.505932960242615309e+03 9.929834008216857910e-01
1.505953793313599817e+03 9.987261295318603516e-01
1.505974626386468344e+03 9.899286031723022461e-01
1.505995459461259770e+03 9.978494048118591309e-01
1.506016292537970003e+03 1.008306384086608887e+00
1.506037125616546064e+03 9.966774582862854004e-01
1.506057958696892683e+03 9.959017038345336914e-01
1.506078791778870254e+03 9.966499805450439453e-01
1.506099624862301653e+03 9.988262653350830078e-01
1.506120457946970191e+03 1.002366065979003906e+00
1.506141291032626441e+03 1.009423613548278809e+00
1.506162124118990960e+03 1.012472629547119141e+00
1.506182957205760204e+03 9.962669014930725098e-01
1.506203790292611757e+03 9.943386316299438477e-01
1.506224623379210470e+03 1.007059931755065918e+00
1.506245456465211646e+03 1.002248764038085938e+00
1.506266289550267174e+03 1.010108351707458496e+00
1.506287122634037132e+03 1.007423162460327148e+00
1.506328788796403614e+03 1.006046533584594727e+00
1.506349621874387822e+03 1.001206517219543457e+00
1.506370454949870009e+03 1.001202940940856934e+00
1.506391288022610979e+03 1.006979227066040039e+00
1.506412121092408370e+03 1.004973053932189941e+00
1.506432954159095743e+03 9.922519922256469727e-01
1.506453787222547817e+03 9.961676597595214844e-01
1.506474620282682736e+03 9.980461001396179199e-01
1.506495453339465030e+03 9.982848167419433594e-01
1.506516286392903567e+03 1.002288222312927246e+00
1.506537119443052916e+03 9.988820552825927734e-01
1.506557952490010166e+03 1.003460645675659180e+00
1.506578785533916744e+03 1.001050591468811035e+00
1.506599618574956139e+03 1.009809732437133789e+00
1.506620451613344130e+03 1.003019928932189941e+00
1.506641284649333556e+03 9.985899925231933594e-01
1.506662117683204315e+03 1.002097606658935547e+00
1.506703783745831288e+03 1.007169604301452637e+00
1.506724616775248705e+03 1.004937171936035156e+00
1.506745449803857127e+03 1.003482818603515625e+00
1.506766282832005800e+03 1.004936575889587402e+00
1.506787115860035556e+03 1.003709793090820312e+00
1.506807948888277906e+03 1.001307487487792969e+00
1.506828781917049810e+03 1.000329136848449707e+00
1.506849614946643669e+03 9.960654377937316895e-01
1.506870447977328922e+03 1.004731535911560059e+00
1.506891281009342492e+03 9.933314919471740723e-01
1.506912114042886515e+03 9.958180785179138184e-01
1.506932947078122652e+03 1.005686402320861816e+00
1.506953780115173913e+03 1.001820802688598633e+00
1.506974613154118288e+03 1.002566695213317871e+00
1.506995446194990791e+03 9.916648268699645996e-01
1.507057945328817596e+03 9.985691308975219727e-01
1.507099611426267984e+03 9.967792630195617676e-01
1.507120444476913917e+03 1.008397698402404785e+00
1.507162110580785566e+03 9.952150583267211914e-01
1.507224609738478421e+03 1.000965476036071777e+00
1.507245442790216430e+03 9.957501888275146484e-01
1.507266275840966273e+03 9.969559907913208008e-01
1.507287108890385753e+03 9.948905706405639648e-01
1.507307941938144950e+03 9.979726076126098633e-01
1.507412107141898332e+03 1.009535312652587891e+00
1.507474606228444145e+03 9.865537881851196289e-01
1.507537105285085772e+03 9.944083690643310547e-01
1.507557938297493592e+03 1.000468254089355469e+00
1.507578771306874614e+03 9.998337030410766602e-01
1.507599604313415284e+03 1.004223942756652832e+00
1.507620437317335927e+03 9.997570514678955078e-01
1.507662103318376467e+03 9.977374672889709473e-01
1.507703769312354098e+03 1.006124734878540039e+00
1.507724602307513805e+03 1.007252693176269531e+00
1.507745435301913631e+03 1.007367014884948730e+00
1.507766268295899408e+03 9.928863644599914551e-01
1.507787101289811062e+03 9.938685894012451172e-01
1.507807934283978739e+03 9.950623512268066406e-01
1.507828767278716896e+03 9.968428611755371094e-01
1.507849600274316799e+03 1.005094766616821289e+00
1.507891266269122525e+03 1.001493453979492188e+00
1.507912099268759675e+03 9.913650751113891602e-01
1.507932932270110541e+03 1.005451321601867676e+00
1.507953765273288809e+03 1.006197929382324219e+00
1.507974598278368376e+03 9.999827742576599121e-01
1.507995431285377663e+03 9.941635131835937500e-01
1.508016264294297343e+03 1.011061191558837891e+00
1.508037097305064208e+03 9.940398931503295898e-01
1.508057930317572527e+03 1.008288860321044922e+00
1.508078763331672008e+03 1.006198525428771973e+00
1.508099596347173247e+03 9.928852915763854980e-01
1.508120429363852509e+03 1.008214712142944336e+00
1.508141262381451270e+03 9.966586232185363770e-01
1.508162095399684404e+03 9.921190738677978516e-01
1.508182928418240863e+03 1.005293965339660645e+00
1.508203761436795730e+03 9.928942918777465820e-01
1.508224594455009992e+03 9.984203577041625977e-01
1.508245427472538267e+03 1.005865335464477539e+00
1.508266260489033584e+03 1.006305813789367676e+00
1.508287093504156928e+03 1.012161731719970703e+00
1.508307926517579972e+03 9.927260279655456543e-01
1.508328759528988485e+03 1.007458090782165527e+00
1.508349592538095067e+03 1.007553935050964355e+00
1.508370425544637556e+03 1.003969430923461914e+00
1.508391258548385167e+03 1.014175534248352051e+00
1.508412091549142815e+03 9.976397752761840820e-01
1.508453757541110463e+03 1.003825545310974121e+00
1.508474590532138109e+03 9.975343942642211914e-01
1.508495423519812903e+03 9.897226691246032715e-01
1.508516256504155763e+03 9.961498975753784180e-01
1.508537089485233309e+03 9.998801946640014648e-01
1.508557922463154455e+03 1.002757668495178223e+00
1.508578755438072449e+03 1.000424146652221680e+00
1.508599588410177830e+03 9.917669892311096191e-01
1.508641254346892765e+03 9.953309893608093262e-01
1.508662087312050062e+03 9.976585507392883301e-01
1.508682920275480001e+03 1.009146928787231445e+00
1.508703753237510227e+03 1.006628751754760742e+00
1.508724586198480893e+03 1.010402441024780273e+00
1.508745419158738287e+03 1.005251407623291016e+00
1.508766252118627335e+03 9.976605772972106934e-01
1.508787085078487507e+03 1.009713649749755859e+00
1.508807918038648040e+03 1.000761747360229492e+00
1.508828750999419753e+03 9.972326755523681641e-01
1.508849583961089820e+03 9.962322711944580078e-01
1.508870416923918583e+03 9.980320334434509277e-01
1.508891249888135235e+03 1.001271247863769531e+00
1.508912082853931452e+03 1.003048896789550781e+00
1.508932915821457982e+03 9.925722479820251465e-01
1.508953748790826921e+03 1.003825306892395020e+00
1.508974581762105572e+03 9.931444525718688965e-01
1.508995414735313716e+03 1.000270962715148926e+00
1.509016247710428161e+03 9.954456090927124023e-01
1.509037080687381149e+03 1.003629088401794434e+00
1.509057913666057857e+03 9.986253380775451660e-01
1.509078746646305945e+03 1.005077123641967773e+00
1.509099579627930098e+03 9.971312880516052246e-01
1.509120412610701351e+03 1.001230120658874512e+00
1.509141245594357315e+03 9.953438043594360352e-01
1.509162078578608316e+03 1.007659554481506348e+00
1.509182911563143989e+03 9.957078099250793457e-01
1.509203744547634869e+03 1.004763841629028320e+00
1.509224577531741261e+03 9.967123270034790039e-01
1.509245410515118238e+03 1.005642652511596680e+00
1.509266243497418372e+03 9.869345426559448242e-01
1.509287076478304016e+03 1.002602338790893555e+00
1.509307909457448886e+03 9.912987351417541504e-01
1.509328742434542846e+03 9.978892207145690918e-01
1.509349575409299177e+03 1.000573992729187012e+00
1.509370408381459356e+03 9.911743402481079102e-01
1.509391241350800328e+03 9.968520402908325195e-01
1.509412074317128599e+03 9.960146546363830566e-01
1.509432907280297741e+03 1.012254953384399414e+00
1.509453740240198158e+03 1.010481238365173340e+00
1.509474573196766414e+03 9.875372052192687988e-01
1.509495406149983864e+03 9.994658231735229492e-01
1.509516239099877794e+03 1.008454918861389160e+00
1.509537072046519143e+03 9.991397261619567871e-01
1.509557904990023417e+03 9.977511763572692871e-01
1.509578737930548641e+03 9.885231256484985352e-01
1.509599570868290584e+03 1.007809758186340332e+00
1.509620403803480258e+03 9.913322329521179199e-01
1.509641236736384599e+03 9.922797083854675293e-01
1.509662069667291007e+03 9.970241189002990723e-01
1.509682902596513031e+03 9.911614656448364258e-01
1.509703735524381500e+03 1.004030466079711914e+00
1.509724568451238383e+03 9.998850226402282715e-01
1.509745401377426560e+03 9.966734647750854492e-01
1.509766234303293459e+03 9.976566433906555176e-01
1.509787067229178092e+03 9.911466240882873535e-01
1.509807900155405832e+03 9.913119077682495117e-01
1.509828733082284316e+03 9.927393198013305664e-01
1.509849566010099807e+03 9.949812889099121094e-01
1.509870398939106963e+03 1.001258134841918945e+00
1.509891231869531111e+03 1.007312655448913574e+00
1.509912064801558017e+03 1.002653241157531738e+00
1.509932897735334564e+03 1.000201821327209473e+00
1.509953730670966252e+03 9.953450560569763184e-01
1.509974563608514700e+03 1.014153361320495605e+00
1.509995396547992868e+03 9.952163100242614746e-01
1.510016229489374155e+03 9.883000850677490234e-01
1.510057895377497971e+03 9.962409734725952148e-01
1.510078728323962650e+03 1.001139998435974121e+00
1.510099561271777702e+03 1.007355809211730957e+00
1.510120394220707794e+03 9.971353411674499512e-01
1.510141227170488492e+03 9.946085214614868164e-01
1.510162060120827391e+03 1.003317594528198242e+00
1.510182893071409126e+03 1.000311732292175293e+00
1.510203726021903776e+03 1.002977013587951660e+00
1.510224558971971646e+03 9.975812435150146484e-01
1.510245391921264400e+03 1.003506183624267578e+00
1.510266224869438474e+03 9.979295730590820312e-01
1.510287057816156675e+03 1.004959940910339355e+00
1.510307890761092494e+03 1.008646607398986816e+00
1.510328723703939659e+03 1.002600073814392090e+00
1.510349556644416907e+03 1.015817046165466309e+00
1.510370389582268899e+03 1.001660108566284180e+00
1.510391222517273945e+03 1.000537991523742676e+00
1.510412055449248783e+03 9.952935576438903809e-01
1.510432888378047437e+03 9.976266026496887207e-01
1.510453721303569637e+03 9.992353916168212891e-01
1.510474554225756492e+03 1.000391721725463867e+00
1.510495387144594361e+03 1.001343369483947754e+00
1.510516220060116893e+03 9.938296079635620117e-01
1.510537052972402080e+03 1.006736397743225098e+00
1.510557885881570655e+03 9.952371120452880859e-01
1.510578718787784965e+03 9.892600178718566895e-01
1.510599551691245779e+03 9.920418858528137207e-01
1.510620384592189794e+03 1.002143144607543945e+00
1.510641217490885765e+03 9.995594620704650879e-01
1.510662050387625868e+03 9.916104078292846680e-01
1.510682883282726834e+03 1.000315189361572266e+00
1.510703716176520174e+03 9.999189972877502441e-01
1.510724549069346949e+03 1.003378629684448242e+00
1.510745381961553903e+03 9.992157220840454102e-01
1.510766214853486417e+03 9.904417991638183594e-01
1.510787047745481004e+03 9.991309046745300293e-01
1.510807880637862354e+03 9.952225685119628906e-01
1.510828713530937193e+03 9.986839890480041504e-01
1.510849546424983828e+03 9.958550930023193359e-01
1.510870379320256006e+03 1.001105904579162598e+00
1.510891212216973145e+03 1.008868932723999023e+00
1.510912045115315095e+03 9.973785281181335449e-01
1.510953710917406852e+03 1.003925204277038574e+00
1.510974543821307861e+03 1.002540826797485352e+00
1.511016209634871302e+03 9.999906420707702637e-01
1.511037042544416863e+03 9.912665486335754395e-01
1.511057875455654994e+03 1.000629782676696777e+00
1.511078708368418802e+03 9.998293519020080566e-01
1.511099541282505697e+03 9.974685907363891602e-01
1.511120374197677393e+03 9.956896901130676270e-01
1.511141207113663995e+03 1.002633452415466309e+00
1.511162040030171056e+03 9.929540157318115234e-01
1.511182872946880480e+03 9.963040947914123535e-01
1.511203705863460755e+03 1.003902196884155273e+00
1.511224538779570821e+03 1.008506774902343750e+00
1.511245371694862797e+03 9.895257353782653809e-01
1.511266204608992439e+03 1.002354025840759277e+00
1.511287037521624598e+03 1.001635909080505371e+00
1.511307870432435948e+03 9.993202090263366699e-01
1.511328703341122946e+03 1.007181406021118164e+00
1.511349536247405467e+03 1.001835465431213379e+00
1.511370369151033856e+03 9.896619915962219238e-01
1.511391202051791652e+03 9.950385093688964844e-01
1.511412034949499230e+03 1.000131368637084961e+00
1.511432867844017665e+03 9.954799413681030273e-01
1.511453700735251005e+03 1.011394262313842773e+00
1.511474533623146272e+03 1.002851724624633789e+00
1.511495366507698009e+03 1.004745364189147949e+00
1.511516199388943505e+03 9.949559569358825684e-01
1.511537032266966889e+03 9.931268692016601562e-01
1.511557865141894808e+03 1.010620951652526855e+00
1.511578698013894382e+03 1.000397920608520508e+00
1.511599530883172292e+03 9.992291331291198730e-01
1.511620363749968874e+03 1.003376126289367676e+00
1.511641196614555611e+03 1.000528812408447266e+00
1.511662029477230817e+03 1.004073739051818848e+00
1.511682862338310315e+03 1.004017710685729980e+00
1.511703695198128344e+03 1.008901834487915039e+00
1.511724528057027328e+03 9.928707480430603027e-01
1.511745360915354468e+03 9.957709312438964844e-01
1.511766193773454461e+03 1.002010226249694824e+00
1.511787026631662002e+03 1.003008008003234863e+00
1.511807859490299734e+03 1.002347230911254883e+00
1.511828692349669382e+03 1.006597518920898438e+00
1.511849525210049478e+03 9.885871410369873047e-01
1.511870358071688997e+03 9.917832612991333008e-01
1.511891190934800306e+03 1.004415154457092285e+00
1.511912023799560757e+03 1.008757472038269043e+00
1.511932856666108137e+03 9.919354915618896484e-01
1.511953689534534305e+03 9.950574040412902832e-01
1.511974522404889740e+03 1.002331972122192383e+00
1.511995355277176714e+03 1.002632617950439453e+00
1.512016188151354299e+03 9.921383261680603027e-01
1.512037021027335641e+03 1.004327654838562012e+00
1.512057853904992726e+03 1.000882863998413086e+00
1.512078686784154115e+03 9.962188601493835449e-01
1.512099519664610625e+03 9.932420849800109863e-01
1.512120352546121012e+03 9.952298402786254883e-01
1.512141185428411291e+03 1.001346468925476074e+00
1.512162018311183147e+03 1.000749230384826660e+00
1.512182851194118257e+03 1.002002596855163574e+00
1.512203684076881927e+03 9.914129376411437988e-01
1.512224516959130597e+03 1.010204672813415527e+00
1.512245349840519111e+03 1.007200956344604492e+00
1.512266182720704819e+03 1.002557158470153809e+00
1.512287015599350980e+03 1.003683209419250488e+00
1.512307848476137224e+03 1.005483031272888184e+00
1.512328681350762736e+03 9.944911599159240723e-01
1.512349514222952621e+03 9.985248446464538574e-01
1.512370347092460179e+03 9.976214766502380371e-01
1.512391179959074179e+03 9.951338171958923340e-01
1.512412012822619317e+03 9.999492764472961426e-01
1.512432845682963261e+03 9.952706098556518555e-01
1.512453678540014380e+03 1.002717018127441406e+00
1.512474511393726743e+03 1.002204060554504395e+00
1.512495344244099442e+03 9.961510300636291504e-01
1.512516177091178406e+03 1.007753014564514160e+00
1.512537009935051856e+03 1.004243612289428711e+00
1.512557842775850759e+03 9.909960031509399414e-01
1.512578675613749283e+03 1.000811338424682617e+00
1.512599508448957977e+03 1.003062009811401367e+00
1.512620341281721949e+03 9.977998137474060059e-01
1.512641174112316548e+03 1.001870751380920410e+00
1.512662006941041454e+03 1.007023811340332031e+00
1.512682839768217264e+03 1.010939240455627441e+00
1.512703672594178215e+03 1.000410437583923340e+00
1.512724505419268553e+03 1.002875924110412598e+00
1.512745338243834794e+03 1.007143378257751465e+00
1.512766171068220046e+03 9.929800629615783691e-01
1.512787003892758548e+03 1.003269195556640625e+00
1.512807836717770442e+03 1.009845018386840820e+00
1.512828669543556771e+03 9.976375699043273926e-01
1.512849502370389473e+03 1.016551256179809570e+00
1.512870335198512294e+03 1.002496480941772461e+00
1.512891168028136008e+03 1.001007437705993652e+00
1.512912000859432737e+03 9.974679946899414062e-01
1.512932833692532768e+03 9.959555864334106445e-01
1.512953666527522955e+03 1.003826022148132324e+00
1.512974499364448775e+03 1.010448336601257324e+00
1.512995332203305452e+03 1.003440856933593750e+00
1.513016165044046829e+03 9.972535967826843262e-01
1.513036997886580821e+03 1.006839513778686523e+00
1.513057830730771229e+03 1.003927350044250488e+00
1.513078663576443887e+03 1.006086945533752441e+00
1.513099496423385744e+03 9.929398894309997559e-01
1.513120329271348510e+03 9.940763115882873535e-01
1.513141162120056379e+03 9.936909079551696777e-01
1.513161994969209445e+03 1.010339260101318359e+00
1.513182827818483247e+03 9.942421913146972656e-01
1.513203660667544227e+03 1.000276803970336914e+00
1.513224493516048597e+03 9.865959286689758301e-01
1.513245326363649156e+03 9.955780506134033203e-01
1.513266159210004389e+03 1.004732847213745117e+00
1.513286992054780967e+03 9.972755908966064453e-01
1.513307824897659657e+03 1.003752946853637695e+00
1.513328657738342599e+03 9.899759292602539062e-01
1.513349490576558992e+03 1.000302076339721680e+00
1.513370323412065545e+03 1.001469731330871582e+00
1.513391156244656486e+03 1.006513714790344238e+00
1.513411989074161056e+03 1.001048088073730469e+00
1.513432821900452836e+03 9.862784743309020996e-01
1.513453654723446562e+03 1.005012869834899902e+00
1.513474487543101304e+03 1.012621760368347168e+00
1.513495320359423204e+03 9.943346977233886719e-01
1.513516153172461372e+03 1.004684209823608398e+00
1.513536985982312444e+03 1.009700179100036621e+00
1.513557818789113071e+03 9.978801608085632324e-01
1.513578651593041286e+03 1.007716178894042969e+00
1.513599484394312867e+03 1.001336812973022461e+00
1.513620317193177925e+03 9.990182518959045410e-01
1.513641149989913401e+03 1.010137677192687988e+00
1.513661982784822612e+03 1.001668572425842285e+00
1.513682815578228428e+03 9.995687603950500488e-01
1.513703648370468272e+03 1.002586245536804199e+00
1.513724481161885706e+03 1.001122236251831055e+00
1.513745313952826109e+03 9.964606761932373047e-01
1.513766146743633044e+03 9.971976876258850098e-01
1.513786979534639840e+03 9.984843134880065918e-01
1.513807812326163457e+03 9.994109272956848145e-01
1.513828645118500390e+03 1.005212306976318359e+00
1.513849477911920530e+03 1.015719294548034668e+00
1.513870310706664895e+03 1.007384181022644043e+00
1.513891143502936984e+03 1.001754760742187500e+00
1.513911976300904371e+03 1.004068732261657715e+00
1.513932809100692111e+03 1.003246188163757324e+00
1.513953641902382060e+03 1.003468871116638184e+00
1.513974474706012188e+03 1.000202417373657227e+00
1.513995307511572946e+03 9.953096508979797363e-01
1.514016140319010901e+03 1.009129524230957031e+00
1.514036973128229420e+03 9.971096515655517578e-01
1.514057805939087302e+03 9.902858138084411621e-01
1.514078638751404242e+03 9.980215430259704590e-01
1.514099471564962641e+03 1.003106832504272461e+00
1.514141137194768589e+03 1.001313686370849609e+00
1.514161970010432469e+03 1.004991173744201660e+00
1.514182802826177976e+03 9.961524605751037598e-01
1.514203635641668825e+03 1.002763628959655762e+00
1.514224468456561226e+03 9.923396706581115723e-01
1.514245301270506843e+03 1.007598996162414551e+00
1.514266134083167344e+03 1.002824306488037109e+00
1.514286966894207353e+03 9.993590712547302246e-01
1.514307799703314231e+03 9.981002211570739746e-01
1.514328632510190573e+03 1.002033472061157227e+00
1.514370298116212780e+03 1.008874773979187012e+00
1.514411963710523878e+03 1.002379179000854492e+00
1.514432796502904466e+03 9.934777617454528809e-01
1.514453629291982224e+03 1.004089951515197754e+00
1.514474462077723047e+03 9.977395534515380859e-01
1.514495294860136937e+03 9.937404990196228027e-01
1.514516127639282104e+03 1.003533840179443359e+00
1.514536960415257681e+03 1.003514647483825684e+00
1.514557793188207597e+03 1.007165908813476562e+00
1.514578625958313978e+03 1.003826141357421875e+00
1.514599458725798286e+03 1.003541111946105957e+00
1.514620291490913132e+03 1.003047943115234375e+00
1.514641124253941143e+03 1.005037188529968262e+00
1.514661957015188136e+03 9.866480231285095215e-01
1.514682789774977437e+03 1.006663084030151367e+00
1.514703622533648058e+03 9.987331628799438477e-01
1.514724455291545155e+03 1.011798143386840820e+00
1.514745288049014562e+03 9.989277124404907227e-01
1.514766120806398021e+03 1.006618261337280273e+00
1.514786953564026135e+03 1.002996921539306641e+00
1.514807786322215179e+03 9.964135289192199707e-01
1.514828619081258466e+03 1.003105640411376953e+00
1.514849451841421342e+03 1.012710690498352051e+00
1.514870284602939819e+03 1.002329230308532715e+00
1.514891117366014669e+03 9.976165294647216797e-01
1.514911950130805963e+03 1.002603530883789062e+00
1.514932782897433981e+03 1.002307534217834473e+00
1.514953615665975349e+03 1.001479148864746094e+00
1.514974448436460534e+03 9.923713207244873047e-01
1.514995281208876804e+03 9.993609786033630371e-01
1.515016113983163223e+03 9.977031350135803223e-01
1.515036946759217699e+03 9.987985491752624512e-01
1.515057779536893122e+03 9.969212412834167480e-01
1.515078612316004637e+03 1.000716328620910645e+00
1.515099445096328509e+03 9.990422725677490234e-01
1.515120277877611443e+03 1.002786636352539062e+00
1.515141110659569449e+03 1.004538893699645996e+00
1.515161943441895119e+03 9.984524250030517578e-01
1.515182776224262625e+03 1.010597467422485352e+00
1.515203609006333863e+03 9.917077422142028809e-01
1.515224441787764135e+03 9.983555674552917480e-01
1.515245274568207378e+03 1.001530408859252930e+00
1.515266107347322759e+03 1.013945221900939941e+00
1.515286940124780813e+03 9.978235960006713867e-01
1.515307772900267310e+03 1.004495263099670410e+00
1.515328605673491438e+03 9.966210722923278809e-01
1.515349438444187626e+03 1.000269770622253418e+00
1.515370271212123271e+03 1.005521893501281738e+00
1.515391103977102148e+03 1.004589319229125977e+00
1.515411936738964869e+03 9.919943809509277344e-01
1.515432769497592972e+03 9.953285455703735352e-01
1.515453602252914607e+03 9.858122467994689941e-01
1.515474435004902034e+03 1.005618214607238770e+00
1.515495267753572307e+03 9.977842569351196289e-01
1.515516100498986134e+03 9.908965229988098145e-01
1.515536933241251745e+03 9.993936419486999512e-01
1.515557765980516024e+03 9.993642568588256836e-01
1.515578598716968145e+03 9.983080625534057617e-01
1.515599431450832753e+03 9.904130697250366211e-01
1.515620264182367009e+03 9.976193308830261230e-01
1.515641096911856494e+03 1.001435518264770508e+00
1.515661929639610207e+03 9.961794018745422363e-01
1.515682762365953067e+03 1.006633877754211426e+00
1.515703595091226362e+03 1.001810193061828613e+00
1.515724427815774789e+03 9.956220984458923340e-01
1.515745260539944638e+03 9.908386468887329102e-01
1.515766093264076062e+03 9.982145428657531738e-01
1.515807758713525800e+03 9.971133470535278320e-01
1.515849424166523249e+03 9.949365854263305664e-01
1.515870256894986824e+03 9.966236352920532227e-01
1.515932755090460660e+03 9.978553652763366699e-01
1.515953587826023977e+03 1.005311489105224609e+00
1.515974420563535659e+03 1.000271797180175781e+00
1.516016086044280200e+03 9.967697858810424805e-01
