1.438349661892538052e+03 1.003326535224914551e+00
1.438391328661363787e+03 1.004341006278991699e+00
1.438432995419785584e+03 1.003221631050109863e+00
1.438453828794559740e+03 9.966650009155273438e-01
1.438474662166165217e+03 1.003216743469238281e+00
1.438516328899486552e+03 1.000239968299865723e+00
1.438537162261128060e+03 9.927616119384765625e-01
1.438557995619445137e+03 1.003253221511840820e+00
1.438578828974510316e+03 9.987779259681701660e-01
1.438641329021587126e+03 1.000831604003906250e+00
1.438662162365231325e+03 1.000808596611022949e+00
1.438682995706599286e+03 1.000818967819213867e+00
1.438703829045984094e+03 1.002966761589050293e+00
1.438724662383700434e+03 9.974796772003173828e-01
1.438745495720076178e+03 1.003056883811950684e+00
1.438766329055456026e+03 9.992734789848327637e-01
1.438807995724610009e+03 1.000425577163696289e+00
1.438849662393884500e+03 1.000125646591186523e+00
1.438870495729369622e+03 9.967988729476928711e-01
1.438912162403443745e+03 9.945380687713623047e-01
1.438974662425626775e+03 1.003288388252258301e+00
1.438995495769925810e+03 9.990342259407043457e-01
1.439037162464294397e+03 9.996043443679809570e-01
1.439057995814346668e+03 9.996506571769714355e-01
1.439099662519800177e+03 1.003050327301025391e+00
1.439120495874920152e+03 9.992051720619201660e-01
1.439141329231379814e+03 1.000188946723937988e+00
1.439162162588944739e+03 1.001577615737915039e+00
1.439203829306291254e+03 9.988062381744384766e-01
1.439224662665465075e+03 9.951140880584716797e-01
1.439245496024534305e+03 1.002010226249694824e+00
1.439266329383157654e+03 1.000241160392761230e+00
1.439287162740990198e+03 1.003230690956115723e+00
1.439328829452905438e+03 1.003211140632629395e+00
1.439349662806326705e+03 9.995376467704772949e-01
1.439370496157642492e+03 9.964791536331176758e-01
1.439391329506572447e+03 9.953984022140502930e-01
1.439412162852862139e+03 1.003519296646118164e+00
1.439432996196291015e+03 9.972437620162963867e-01
1.439453829536678086e+03 9.953854084014892578e-01
1.439474662873879879e+03 1.000122189521789551e+00
1.439495496207796123e+03 9.997597336769104004e-01
1.439516329538370883e+03 1.001262784004211426e+00
1.439537162865595292e+03 1.001132607460021973e+00
1.439557996189503001e+03 1.006296753883361816e+00
1.439578829510172227e+03 1.001045346260070801e+00
1.439599662827726661e+03 1.003278613090515137e+00
1.439620496142332968e+03 1.003379225730895996e+00
1.439641329454192828e+03 9.984480738639831543e-01
1.439662162763545439e+03 1.006557703018188477e+00
1.439682996070658646e+03 1.002834439277648926e+00
1.439703829375828946e+03 1.001507401466369629e+00
1.439724662679373296e+03 1.002074122428894043e+00
1.439745495981622753e+03 1.002629160881042480e+00
1.439766329282919742e+03 9.955207109451293945e-01
1.439787162583613508e+03 9.990572333335876465e-01
1.439807995884046932e+03 9.992939233779907227e-01
1.439828829184557208e+03 9.986944198608398438e-01
1.439849662485469480e+03 9.982967972755432129e-01
1.439870495787086384e+03 1.002222299575805664e+00
1.439891329089689634e+03 1.003046154975891113e+00
1.439912162393528661e+03 1.004109144210815430e+00
1.439932995698822879e+03 9.977905750274658203e-01
1.439953829005750549e+03 9.986249804496765137e-01
1.439974662314451734e+03 1.001038670539855957e+00
1.440016328937522303e+03 1.001240015029907227e+00
1.440037162251951486e+03 9.972340464591979980e-01
1.440057995568274464e+03 1.003725051879882812e+00
1.440078828886406882e+03 1.001433491706848145e+00
1.440099662206223911e+03 9.966786503791809082e-01
1.440120495527558433e+03 9.995504617691040039e-01
1.440141328850205127e+03 1.005729198455810547e+00
1.440162162173923207e+03 9.996780753135681152e-01
1.440182995498441187e+03 9.936518669128417969e-01
1.440203828823463482e+03 9.972347021102905273e-01
1.440224662148670404e+03 9.997410178184509277e-01
1.440245495473730216e+03 1.001001000404357910e+00
1.440266328798299128e+03 1.000359296798706055e+00
1.440287162122030850e+03 9.952655434608459473e-01
1.440307995444581593e+03 9.989287853240966797e-01
1.440328828765614389e+03 1.001137256622314453e+00
1.440349662084806596e+03 9.975970387458801270e-01
1.440370495401856033e+03 9.941591620445251465e-01
1.440391328716484622e+03 9.989732503890991211e-01
1.440412162028442026e+03 1.000666260719299316e+00
1.440432995337514512e+03 9.985377788543701172e-01
1.440453828643523593e+03 1.002051115036010742e+00
1.440474661946331935e+03 1.000346183776855469e+00
1.440495495245845632e+03 9.992226958274841309e-01
1.440516328542013298e+03 9.994907379150390625e-01
1.440537161834833114e+03 1.000866651535034180e+00
1.440557995124344643e+03 1.003097414970397949e+00
1.440578828410632013e+03 9.982433319091796875e-01
1.440620494974094072e+03 9.966825246810913086e-01
1.440641328251646655e+03 1.002555847167968750e+00
1.440662161526725185e+03 9.999614357948303223e-01
1.440682994799602739e+03 1.000634193420410156e+00
1.440703828070577401e+03 9.992243647575378418e-01
1.440745494608111812e+03 9.994402527809143066e-01
1.440766327875348452e+03 1.002781629562377930e+00
1.440787161142025980e+03 1.001318097114562988e+00
1.440807994408488867e+03 1.000075578689575195e+00
1.440828827675072716e+03 9.950997233390808105e-01
1.440849660942099263e+03 1.003276705741882324e+00
1.440870494209869776e+03 9.946662783622741699e-01
1.440891327478661879e+03 1.001016974449157715e+00
1.440912160748721135e+03 1.000880360603332520e+00
1.440953827293454196e+03 9.967280626296997070e-01
1.440974660568438367e+03 1.002072572708129883e+00
1.440995493845303145e+03 1.000620365142822266e+00
1.441016327124097643e+03 1.000954508781433105e+00
1.441224659997217714e+03 1.001931667327880859e+00
1.441245493288281295e+03 9.979155063629150391e-01
1.441349659728712595e+03 9.978190064430236816e-01
1.441391326291854512e+03 9.977574348449707031e-01
1.441432992844231649e+03 1.001513838768005371e+00
1.441537159169668485e+03 1.001194238662719727e+00
1.441641325414824678e+03 9.985729455947875977e-01
1.441682991894327188e+03 9.997127056121826172e-01
1.441703825131136682e+03 1.001206994056701660e+00
1.441724658366405947e+03 9.979088902473449707e-01
1.441745491600471723e+03 9.997459053993225098e-01
1.441766324833676890e+03 9.992702007293701172e-01
1.441787158066369329e+03 9.958867430686950684e-01
1.441807991298891920e+03 1.002635240554809570e+00
1.441828824531579357e+03 9.982078075408935547e-01
1.441849657764750873e+03 1.004803538322448730e+00
1.441870490998704327e+03 1.004001975059509277e+00
1.441891324233714613e+03 1.000885725021362305e+00
1.441932990707835870e+03 1.002037405967712402e+00
1.441953823947325418e+03 1.000827193260192871e+00
1.441974657188619631e+03 1.002245187759399414e+00
1.441995490431804910e+03 9.925028085708618164e-01
1.442016323676921729e+03 1.001271009445190430e+00
1.442037156923964858e+03 9.967576265335083008e-01
1.442078823423590165e+03 1.002156257629394531e+00
1.442099656675939286e+03 1.002678871154785156e+00
1.442120489929757014e+03 9.960090517997741699e-01
1.442141323184827797e+03 1.002579569816589355e+00
1.442162156440901754e+03 9.960685968399047852e-01
1.442182989697702624e+03 9.978265762329101562e-01
1.442203822954925954e+03 9.975045323371887207e-01
1.442224656212251375e+03 9.989989399909973145e-01
1.442245489469341692e+03 9.990900754928588867e-01
1.442266322725849932e+03 1.001307725906372070e+00
1.442287155981432306e+03 9.964265227317810059e-01
1.442307989235745254e+03 1.000142097473144531e+00
1.442328822488454762e+03 1.003287434577941895e+00
1.442349655739244099e+03 1.001541137695312500e+00
1.442370488987816316e+03 9.985318183898925781e-01
1.442391322233900610e+03 9.991453886032104492e-01
1.442412155477256192e+03 9.979609251022338867e-01
1.442432988717676835e+03 1.001264810562133789e+00
1.442453821954994964e+03 9.977238774299621582e-01
1.442474655189084842e+03 1.002445220947265625e+00
1.442495488419863705e+03 9.947715401649475098e-01
1.442516321647293353e+03 9.992328286170959473e-01
1.442537154871381290e+03 1.002710700035095215e+00
1.442557988092180722e+03 1.003817319869995117e+00
1.442578821309788964e+03 1.000388264656066895e+00
1.442599654524343578e+03 1.003050327301025391e+00
1.442620487736025552e+03 1.003938436508178711e+00
1.442641320945052257e+03 1.002924323081970215e+00
1.442662154151676077e+03 1.002964377403259277e+00
1.442682987356175545e+03 9.999740123748779297e-01
1.442703820558856023e+03 9.995532035827636719e-01
1.442724653760041974e+03 9.977113604545593262e-01
1.442745486960069002e+03 9.980677366256713867e-01
1.442766320159281349e+03 9.956702589988708496e-01
1.442787153358027126e+03 1.004988193511962891e+00
1.442807986556648075e+03 1.000184774398803711e+00
1.442828819755478662e+03 1.000122785568237305e+00
1.442849652954833118e+03 9.957439303398132324e-01
1.442870486155008166e+03 9.987396001815795898e-01
1.442891319356273698e+03 1.002894759178161621e+00
1.442912152558867547e+03 9.989188909530639648e-01
1.442932985762991848e+03 1.006142020225524902e+00
1.442953818968812129e+03 1.005425930023193359e+00
1.442974652176453219e+03 9.975725412368774414e-01
1.442995485385992197e+03 9.992249011993408203e-01
1.443016318597465897e+03 1.001806020736694336e+00
1.443037151810863634e+03 1.002640724182128906e+00
1.443057985026129700e+03 9.997736811637878418e-01
1.443078818243164505e+03 1.003798842430114746e+00
1.443099651461823896e+03 1.004123568534851074e+00
1.443120484681925745e+03 9.971463680267333984e-01
1.443141317903250638e+03 1.002699494361877441e+00
1.443162151125545734e+03 1.000452995300292969e+00
1.443182984348529999e+03 1.000568270683288574e+00
1.443203817571896252e+03 9.975584149360656738e-01
1.443224650795320940e+03 1.002065420150756836e+00
1.443245484018466868e+03 1.002614974975585938e+00
1.443287150462535465e+03 9.932075142860412598e-01
1.443307983682771464e+03 9.979611635208129883e-01
1.443328816901363098e+03 9.999314546585083008e-01
1.443349650117995452e+03 9.991739392280578613e-01
1.443370483332373169e+03 1.001157522201538086e+00
1.443391316544230904e+03 1.001598954200744629e+00
1.443412149753330823e+03 1.001913905143737793e+00
1.443432982959473065e+03 9.961687326431274414e-01
1.443453816162495059e+03 9.943377375602722168e-01
1.443474649362276296e+03 9.998311400413513184e-01
1.443495482558739695e+03 1.000787973403930664e+00
1.443516315751853654e+03 1.002654075622558594e+00
1.443537148941630221e+03 9.993505477905273438e-01
1.443557982128129652e+03 9.964682459831237793e-01
1.443578815311453582e+03 9.987422823905944824e-01
1.443599648491746848e+03 1.001211762428283691e+00
1.443620481669195215e+03 1.002075791358947754e+00
1.443641314844020599e+03 1.001915097236633301e+00
1.443662148016478113e+03 9.972808361053466797e-01
1.443682981186851521e+03 1.004259109497070312e+00
1.443703814355448003e+03 9.977222681045532227e-01
1.443724647522593159e+03 1.000682115554809570e+00
1.443745480688626230e+03 9.967462420463562012e-01
1.443766313853891006e+03 9.960405230522155762e-01
1.443787147018735141e+03 9.997141957283020020e-01
1.443807980183499694e+03 1.004866361618041992e+00
1.443828813348516178e+03 1.001077651977539062e+00
1.443849646514098367e+03 1.000733852386474609e+00
1.443870479680540029e+03 1.000951290130615234e+00
1.443891312848104690e+03 9.995192289352416992e-01
1.443912146017027226e+03 9.964128732681274414e-01
1.443932979187505680e+03 9.992879629135131836e-01
1.443953812359698759e+03 1.000313401222229004e+00
1.443974645533726743e+03 1.001010179519653320e+00
1.443995478709660574e+03 1.002411365509033203e+00
1.444016311887531629e+03 1.004782795906066895e+00
1.444182977369174750e+03 1.000621676445007324e+00
1.444224643748279505e+03 9.984700679779052734e-01
1.444245476937515150e+03 9.972299933433532715e-01
1.444266310126081635e+03 1.000117659568786621e+00
1.444287143313633351e+03 1.000209450721740723e+00
1.444307976499827873e+03 9.981991052627563477e-01
1.444328809684336420e+03 1.001136898994445801e+00
1.444349642866847489e+03 9.950250387191772461e-01
1.444370476047068905e+03 9.967639446258544922e-01
1.444391309224736688e+03 9.992218017578125000e-01
1.444412142399620052e+03 9.983584284782409668e-01
1.444432975571523912e+03 9.989123940467834473e-01
1.444453808740288878e+03 9.951218962669372559e-01
1.444474641905801263e+03 9.963085651397705078e-01
1.444495475067990810e+03 9.982429146766662598e-01
1.444516308226829779e+03 1.000424504280090332e+00
1.444537141382337950e+03 1.003187894821166992e+00
1.444557974534580808e+03 1.002913594245910645e+00
1.444578807683665900e+03 1.005046248435974121e+00
1.444599640829743748e+03 9.991114735603332520e-01
1.444620473973004891e+03 9.978761076927185059e-01
1.444641307113675794e+03 1.001174330711364746e+00
1.444662140252013842e+03 1.000303626060485840e+00
1.444703806522868717e+03 9.988759160041809082e-01
1.444724639656021509e+03 9.997378587722778320e-01
1.444745472788108373e+03 9.992100596427917480e-01
1.444766305919475144e+03 1.002164244651794434e+00
1.444787139050465612e+03 9.943073391914367676e-01
1.444807972181422201e+03 1.001576781272888184e+00
1.444828805312674149e+03 1.002943038940429688e+00
1.444849638444532502e+03 1.001193284988403320e+00
1.444870471577285343e+03 1.003242969512939453e+00
1.444891304711195744e+03 9.983934164047241211e-01
1.444912137846494943e+03 9.916394948959350586e-01
1.444932970983372115e+03 9.977554678916931152e-01
1.444953804121984149e+03 9.994482398033142090e-01
1.444974637262443139e+03 1.003140091896057129e+00
1.444995470404815933e+03 9.996783137321472168e-01
1.445016303549126633e+03 9.974164962768554688e-01
1.445037136695353183e+03 1.000546574592590332e+00
1.445057969843426918e+03 1.001737117767333984e+00
1.445078802993238241e+03 1.000903487205505371e+00
1.445099636144632541e+03 9.984320998191833496e-01
1.445120469297417003e+03 1.003410339355468750e+00
1.445141302451363117e+03 1.000375986099243164e+00
1.445162135606209631e+03 9.998209476470947266e-01
1.445182968761667325e+03 1.001160144805908203e+00
1.445203801917427427e+03 9.982838630676269531e-01
1.445224635073159789e+03 9.973501563072204590e-01
1.445245468228524260e+03 1.000413775444030762e+00
1.445266301383175005e+03 1.001832008361816406e+00
1.445287134536766416e+03 9.999621510505676270e-01
1.445307967688958115e+03 9.990994930267333984e-01
1.445328800839422001e+03 9.956355690956115723e-01
1.445349633987849302e+03 1.001070141792297363e+00
1.445370467133951706e+03 1.002280473709106445e+00
1.445391300277469782e+03 9.990847706794738770e-01
1.445412133418176609e+03 9.987642168998718262e-01
1.445432966555881876e+03 1.003030657768249512e+00
1.445453799690431879e+03 1.002200484275817871e+00
1.445474632821718615e+03 1.001962900161743164e+00
1.445495465949676372e+03 9.987525939941406250e-01
1.445516299074285371e+03 1.001696228981018066e+00
1.445537132195571075e+03 9.980849623680114746e-01
1.445557965313601699e+03 9.979025125503540039e-01
1.445578798428494338e+03 1.001714587211608887e+00
1.445599631540403607e+03 1.000141143798828125e+00
1.445620464649524138e+03 1.005256533622741699e+00
1.445641297756086715e+03 9.989903569221496582e-01
1.445662130860354637e+03 9.985133409500122070e-01
1.445682963962619169e+03 1.004255294799804688e+00
1.445703797063192951e+03 9.967312812805175781e-01
1.445724630162404310e+03 9.993215203285217285e-01
1.445745463260594761e+03 9.978818297386169434e-01
1.445766296358111049e+03 9.983381032943725586e-01
1.445787129455298100e+03 1.002195954322814941e+00
1.445807962552496065e+03 1.002134680747985840e+00
1.445828795650030770e+03 1.003333091735839844e+00
1.445849628748212353e+03 1.000675439834594727e+00
1.445870461847327078e+03 1.000548481941223145e+00
1.445891294947631877e+03 9.978303909301757812e-01
1.445912128049351395e+03 1.002978801727294922e+00
1.445932961152674352e+03 1.000871777534484863e+00
1.445953794257750360e+03 1.002785921096801758e+00
1.445974627364684920e+03 9.972581863403320312e-01
1.445995460473540561e+03 9.986587762832641602e-01
1.446016293584334107e+03 1.002480387687683105e+00
1.446037126697036683e+03 9.985311627388000488e-01
1.446057959811577575e+03 9.973943829536437988e-01
1.446078792927838322e+03 9.971336722373962402e-01
1.446099626045659534e+03 1.003242135047912598e+00
1.446120459164843624e+03 9.968403577804565430e-01
1.446141292285157533e+03 9.970355629920959473e-01
1.446162125406337964e+03 9.999772310256958008e-01
1.446182958528090921e+03 1.001902341842651367e+00
1.446203791650102858e+03 1.005283355712890625e+00
1.446224624772043853e+03 9.988931417465209961e-01
1.446245457893574667e+03 9.939526319503784180e-01
1.446266291014347189e+03 1.002076745033264160e+00
1.446287124134014675e+03 1.003046631813049316e+00
1.446307957252239703e+03 9.973622560501098633e-01
1.446328790368697128e+03 1.003659963607788086e+00
1.446349623483079085e+03 1.000087261199951172e+00
1.446370456595101814e+03 9.965948462486267090e-01
1.446391289704509518e+03 1.005400061607360840e+00
1.446412122811078689e+03 9.969041943550109863e-01
1.446432955914624927e+03 9.998522996902465820e-01
1.446453789015000893e+03 1.002526283264160156e+00
1.446474622112103361e+03 1.006497621536254883e+00
1.446495455205872531e+03 1.000750660896301270e+00
1.446516288296293396e+03 9.969597458839416504e-01
1.446537121383398016e+03 1.004662156105041504e+00
1.446557954467263244e+03 1.004155516624450684e+00
1.446578787548008677e+03 1.000000476837158203e+00
1.446599620625794842e+03 9.950879812240600586e-01
1.446620453700820917e+03 1.000028014183044434e+00
1.446641286773322690e+03 9.994477629661560059e-01
1.446662119843567552e+03 9.983499646186828613e-01
1.446682952911850407e+03 1.001364946365356445e+00
1.446703785978483893e+03 1.002407312393188477e+00
1.446724619043801567e+03 1.001319646835327148e+00
1.446745452108143809e+03 1.001233696937561035e+00
1.446766285171858044e+03 9.975944161415100098e-01
1.446787118235288744e+03 1.001509904861450195e+00
1.446807951298775151e+03 1.006422996520996094e+00
1.446828784362641272e+03 1.003809213638305664e+00
1.446849617427193834e+03 1.000102519989013672e+00
1.446870450492715236e+03 9.998685121536254883e-01
1.446891283559457861e+03 9.997407793998718262e-01
1.446912116627644991e+03 1.003788352012634277e+00
1.446932949697458753e+03 9.983579516410827637e-01
1.446953782769041027e+03 1.000891089439392090e+00
1.446974615842493449e+03 1.001490116119384766e+00
1.446995448917871954e+03 1.001993179321289062e+00
1.447016281995189274e+03 1.001915216445922852e+00
1.447078781238205011e+03 1.000710606575012207e+00
1.447099614322492243e+03 1.002532243728637695e+00
1.447120447408112568e+03 1.003368020057678223e+00
1.447141280494831108e+03 1.000360488891601562e+00
1.447182946670462798e+03 9.987905621528625488e-01
1.447203779758762948e+03 9.973381161689758301e-01
1.447245445934680674e+03 9.990999698638916016e-01
1.447266279021607488e+03 1.000199437141418457e+00
1.447287112107386747e+03 9.960365891456604004e-01
1.447307945191681483e+03 1.005398035049438477e+00
1.447328778274167007e+03 1.000984430313110352e+00
1.447349611354539320e+03 1.002782821655273438e+00
1.447370444432517843e+03 1.000150799751281738e+00
1.447391277507850873e+03 9.978646636009216309e-01
1.447412110580320586e+03 9.958329796791076660e-01
1.447432943649745312e+03 9.940729737281799316e-01
1.447453776715985668e+03 9.991619586944580078e-01
1.447474609778942067e+03 1.000210165977478027e+00
1.447495442838562212e+03 9.966078400611877441e-01
1.447516275894836781e+03 9.982867836952209473e-01
1.447537108947803290e+03 9.974444508552551270e-01
1.447557941997543367e+03 9.979748725891113281e-01
1.447578775044183203e+03 1.002205848693847656e+00
1.447599608087888555e+03 1.001126885414123535e+00
1.447620441128864741e+03 9.945166110992431641e-01
1.447641274167350730e+03 1.001026391983032227e+00
1.447662107203618007e+03 9.975681304931640625e-01
1.447682940237962384e+03 9.965200424194335938e-01
1.447703773270702641e+03 1.000794291496276855e+00
1.447724606302169832e+03 9.993358254432678223e-01
1.447745439332708202e+03 9.992552399635314941e-01
1.447766272362666086e+03 9.981547594070434570e-01
1.447787105392386366e+03 9.962407350540161133e-01
1.447807938422206007e+03 9.962692856788635254e-01
1.447828771452447654e+03 9.913573861122131348e-01
1.447849604483414623e+03 1.000567913055419922e+00
1.447870437515386357e+03 9.976965785026550293e-01
1.447891270548611828e+03 9.968336224555969238e-01
1.447912103583306816e+03 1.000857710838317871e+00
1.447932936619649809e+03 1.001685380935668945e+00
1.447953769657779958e+03 1.000170707702636719e+00
1.447974602697790715e+03 1.000115752220153809e+00
1.447995435739733011e+03 1.003119349479675293e+00
1.448037101829388121e+03 1.001835703849792480e+00
1.448057934876975651e+03 9.961170554161071777e-01
1.448078767926246883e+03 9.998705387115478516e-01
1.448099600977032424e+03 1.004351735115051270e+00
1.448120434029125590e+03 9.961892962455749512e-01
1.448141267082282866e+03 1.003499150276184082e+00
1.448162100136233448e+03 1.007395982742309570e+00
1.448182933190678341e+03 9.995564818382263184e-01
1.448203766245299676e+03 9.977927803993225098e-01
1.448245432353725164e+03 9.975094795227050781e-01
1.448266265406840603e+03 1.003933548927307129e+00
1.448287098458764603e+03 9.966378211975097656e-01
1.448307931509159971e+03 1.003672599792480469e+00
1.448328764557705881e+03 1.001923799514770508e+00
1.448349597604100836e+03 9.957286715507507324e-01
1.448370430648068805e+03 9.968745708465576172e-01
1.448391263689360812e+03 1.001010298728942871e+00
1.448412096727764720e+03 1.002110004425048828e+00
1.448432929763104994e+03 1.002942681312561035e+00
1.448453762795245211e+03 1.002103209495544434e+00
1.448474595824093058e+03 1.004869937896728516e+00
1.448495428849600785e+03 1.001904606819152832e+00
1.448516261871766574e+03 9.930647015571594238e-01
1.448537094890633171e+03 9.997167587280273438e-01
1.448557927906288569e+03 9.996960759162902832e-01
1.448578760918862599e+03 9.988942742347717285e-01
1.448620426935495743e+03 9.970125555992126465e-01
1.448641259940006876e+03 9.990013837814331055e-01
1.448662092942337949e+03 1.000309705734252930e+00
1.448682925942787278e+03 1.003387808799743652e+00
1.448703758941675687e+03 1.000068426132202148e+00
1.448724591939337643e+03 1.000000000000000000e+00
1.448745424936116706e+03 1.001982092857360840e+00
1.448766257932360986e+03 1.003658652305603027e+00
1.448787090928413136e+03 1.001848101615905762e+00
1.448807923924607621e+03 1.000545144081115723e+00
1.448828756921266404e+03 1.009638547897338867e+00
1.448849589918689389e+03 1.001368999481201172e+00
1.448870422917151927e+03 1.002016067504882812e+00
1.448891255916900036e+03 9.987685084342956543e-01
1.448912088918144718e+03 9.961569905281066895e-01
1.448932921921057641e+03 1.004149079322814941e+00
1.448953754925772728e+03 1.006868124008178711e+00
1.448974587932378427e+03 9.958938360214233398e-01
1.448995420940920667e+03 9.985913038253784180e-01
1.449016253951396948e+03 1.001385331153869629e+00
1.449037086963762704e+03 9.990919232368469238e-01
1.449057919977926304e+03 9.971454143524169922e-01
1.449078752993754506e+03 9.986032247543334961e-01
1.449099586011073370e+03 1.001262068748474121e+00
1.449120419029670757e+03 9.959439039230346680e-01
1.449141252049298373e+03 1.002142786979675293e+00
1.449162085069682234e+03 1.000177383422851562e+00
1.449182918090520388e+03 1.002488732337951660e+00
1.449203751111493148e+03 1.002110123634338379e+00
1.449224584132263317e+03 9.961094856262207031e-01
1.449245417152488926e+03 9.979630112648010254e-01
1.449266250171822321e+03 1.000811934471130371e+00
1.449287083189920395e+03 9.971363544464111328e-01
1.449328749221086582e+03 1.002925157546997070e+00
1.449349582233537149e+03 1.002242922782897949e+00
1.449370415243525940e+03 9.978669881820678711e-01
1.449391248250811032e+03 9.983815550804138184e-01
1.449412081255182329e+03 1.000793695449829102e+00
1.449432914256470895e+03 9.986529350280761719e-01
1.449453747254545760e+03 9.963733553886413574e-01
1.449474580249319160e+03 9.984288215637207031e-01
1.449495413240751532e+03 1.000687599182128906e+00
1.449516246228844921e+03 9.991724491119384766e-01
1.449557912195259178e+03 1.005344748497009277e+00
1.449599578149475064e+03 9.951866865158081055e-01
1.449620411122474025e+03 9.980247616767883301e-01
1.449641244093052364e+03 9.991697669029235840e-01
1.449662077061488617e+03 1.004008889198303223e+00
1.449682910028085189e+03 1.001955747604370117e+00
1.449703742993164042e+03 1.000809431076049805e+00
1.449724575957062598e+03 1.000793695449829102e+00
1.449745408920124419e+03 1.001811623573303223e+00
1.449766241882696931e+03 1.001202940940856934e+00
1.449787074845123470e+03 1.002487182617187500e+00
1.449807907807736228e+03 9.968277812004089355e-01
1.449828740770853983e+03 1.002787470817565918e+00
1.449849573734774594e+03 9.995260834693908691e-01
1.449870406699769774e+03 1.000467419624328613e+00
1.449891239666080310e+03 9.980503320693969727e-01
1.449932905603436211e+03 1.002728223800659180e+00
1.449953738574776025e+03 9.915841221809387207e-01
1.449974571548015319e+03 1.000184059143066406e+00
1.449995404523193429e+03 1.002011775970458984e+00
1.450016237500304214e+03 9.992848634719848633e-01
1.450057903460069838e+03 9.981825947761535645e-01
1.450078736442489344e+03 9.978089928627014160e-01
1.451662040453019699e+03 9.927551746368408203e-01
1.451682873352177694e+03 1.000175237655639648e+00
1.451703706249908691e+03 9.958940744400024414e-01
1.451724539146549887e+03 9.986426234245300293e-01
1.451745372042447798e+03 1.007348179817199707e+00
1.451766204937946895e+03 1.001408576965332031e+00
1.451807870729108572e+03 1.003591418266296387e+00
1.451828703625415073e+03 1.002635359764099121e+00
1.451849536522598783e+03 9.976544380187988281e-01
1.451870369420925499e+03 9.968871474266052246e-01
1.451891202320628054e+03 1.002057671546936035e+00
1.451912035221903125e+03 1.005796909332275391e+00
1.451953701029754711e+03 9.952896237373352051e-01
1.451995366845228773e+03 1.000599026679992676e+00
1.452016199755862317e+03 1.002366065979003906e+00
1.452078698498458380e+03 9.933665394783020020e-01
1.452162030173590892e+03 9.961215853691101074e-01
1.452182863093951255e+03 9.969569444656372070e-01
1.452203696014317075e+03 9.986228942871093750e-01
1.452224528934351156e+03 9.987298250198364258e-01
1.452245361853705845e+03 1.003859162330627441e+00
1.452266194772036442e+03 9.979430437088012695e-01
1.452287027689000979e+03 1.005810379981994629e+00
1.452307860604271582e+03 9.972399473190307617e-01
1.452328693517535839e+03 1.001049399375915527e+00
1.452349526428503623e+03 1.000873088836669922e+00
1.452370359336913680e+03 1.000688552856445312e+00
1.452391192242537045e+03 1.003371596336364746e+00
1.452432858044682916e+03 1.003783941268920898e+00
1.452453690940938031e+03 9.992995858192443848e-01
1.452474523833874400e+03 1.003477096557617188e+00
1.452495356723467467e+03 9.990129470825195312e-01
1.452516189609739513e+03 1.000505566596984863e+00
1.452537022492756478e+03 1.000467419624328613e+00
1.452557855372630456e+03 9.957882761955261230e-01
1.452578688249512879e+03 1.000369071960449219e+00
1.452599521123595196e+03 1.000444054603576660e+00
1.452620353995106143e+03 9.936825037002563477e-01
1.452641186864306746e+03 9.993965625762939453e-01
1.452662019731485316e+03 9.962244629859924316e-01
1.452682852596950852e+03 1.001564741134643555e+00
1.452703685461033729e+03 9.994524121284484863e-01
1.452724518324074097e+03 9.967345595359802246e-01
1.452745351186418702e+03 9.985108375549316406e-01
1.452766184048410878e+03 9.998852610588073730e-01
1.452787016910392367e+03 9.999253153800964355e-01
1.452807849772691952e+03 9.981284737586975098e-01
1.452828682635619771e+03 9.978929758071899414e-01
1.452849515499465042e+03 9.995555281639099121e-01
1.452870348364486063e+03 9.976758956909179688e-01
1.452891181230912025e+03 1.004023790359497070e+00
1.452912014098933469e+03 9.998329877853393555e-01
1.452932846968703188e+03 9.912219643592834473e-01
1.452953679840331006e+03 1.005006790161132812e+00
1.452974512713882177e+03 9.994324445724487305e-01
1.452995345589381259e+03 1.003865838050842285e+00
1.453016178466800056e+03 1.001604199409484863e+00
1.453037011346068994e+03 9.972846508026123047e-01
1.453057844227076430e+03 1.002180814743041992e+00
1.453078677109666387e+03 1.001603722572326660e+00
1.453099509993644006e+03 1.004478693008422852e+00
1.453120342878779184e+03 1.001823902130126953e+00
1.453141175764808622e+03 9.993882179260253906e-01
1.453162008651444012e+03 1.003141283988952637e+00
1.453203674425263898e+03 1.003133416175842285e+00
1.453224507311778325e+03 1.001985788345336914e+00
1.453245340197571750e+03 9.955348968505859375e-01
1.453266173082296746e+03 1.003163695335388184e+00
1.453287005965612707e+03 9.985069632530212402e-01
1.453307838847193352e+03 9.996494054794311523e-01
1.453328671726731500e+03 9.952649474143981934e-01
1.453370337478559350e+03 1.003098368644714355e+00
1.453391170350363836e+03 9.976620078086853027e-01
1.453412003219166991e+03 9.998836517333984375e-01
1.453432836084817836e+03 1.000140786170959473e+00
1.453453668947207916e+03 9.988321661949157715e-01
1.453474501806276294e+03 1.004354953765869141e+00
1.453495334662003870e+03 1.007105231285095215e+00
1.453516167514417930e+03 1.000047802925109863e+00
1.453537000363590096e+03 1.005354404449462891e+00
1.453557833209637238e+03 9.983553290367126465e-01
1.453578666052718972e+03 1.001981377601623535e+00
1.453599498893030841e+03 9.974278807640075684e-01
1.453620331730804082e+03 1.000486016273498535e+00
1.453661997399824486e+03 1.001425027847290039e+00
1.453682830231677372e+03 9.952395558357238770e-01
1.453703663062191708e+03 9.979524612426757812e-01
1.453724495891709466e+03 9.975034594535827637e-01
1.453745328720578527e+03 9.985577464103698730e-01
1.453766161549143135e+03 1.005448102951049805e+00
1.453786994377742985e+03 9.988291263580322266e-01
1.453807827206704133e+03 9.958716630935668945e-01
1.453828660036333531e+03 9.993507862091064453e-01
1.453849492866917899e+03 1.003602743148803711e+00
1.453870325698711440e+03 1.000510811805725098e+00
1.453891158531938800e+03 1.001362562179565430e+00
1.453911991366787106e+03 1.004955649375915527e+00
1.453932824203401196e+03 1.004415035247802734e+00
1.453953657041886572e+03 1.001138210296630859e+00
1.453995322724667403e+03 1.000550270080566406e+00
1.454016155568947852e+03 9.950041174888610840e-01
1.454036988415067071e+03 9.995252490043640137e-01
1.454057821262908419e+03 9.975780248641967773e-01
1.454099486963075833e+03 1.001585960388183594e+00
1.454120319814966706e+03 9.967497587203979492e-01
1.454141152667716824e+03 1.003126144409179688e+00
1.454161985521034694e+03 9.984740018844604492e-01
1.454182818374605404e+03 9.970615506172180176e-01
1.454203651228098352e+03 1.000750899314880371e+00
1.454224484081170885e+03 9.989214539527893066e-01
1.454245316933475578e+03 1.000998139381408691e+00
1.454266149784670461e+03 1.003373861312866211e+00
1.454286982634416063e+03 1.002782583236694336e+00
1.454307815482386559e+03 9.954627752304077148e-01
1.454328648328275676e+03 1.003340244293212891e+00
1.454349481171801017e+03 9.975840449333190918e-01
1.454370314012709969e+03 1.000601053237915039e+00
1.454391146850779251e+03 1.003541111946105957e+00
1.454411979685825372e+03 1.005656480789184570e+00
1.454432812517704406e+03 1.002403616905212402e+00
1.454453645346316534e+03 1.003663182258605957e+00
1.454474478171602186e+03 1.001353144645690918e+00
1.454495310993548856e+03 9.986423850059509277e-01
1.454516143812191785e+03 1.000548005104064941e+00
1.454536976627608055e+03 9.948617815971374512e-01
1.454557809439920902e+03 9.959739446640014648e-01
1.454578642249292216e+03 1.001160740852355957e+00
1.454641140661948612e+03 9.978849887847900391e-01
1.454661973461904608e+03 9.975829124450683594e-01
1.454682806260237157e+03 9.938136339187622070e-01
1.454703639057279133e+03 9.966239929199218750e-01
1.454724471853372052e+03 9.984831809997558594e-01
1.454745304648862657e+03 1.002140760421752930e+00
1.454766137444095875e+03 1.003386616706848145e+00
1.454786970239410039e+03 1.003176212310791016e+00
1.454807803035129155e+03 1.002651929855346680e+00
1.454828635831558586e+03 9.945485591888427734e-01
1.454849468628979366e+03 1.002767205238342285e+00
1.454870301427642744e+03 9.991890192031860352e-01
1.454891134227769271e+03 9.958261251449584961e-01
1.454911967029539028e+03 1.002343177795410156e+00
1.454932799833093895e+03 1.004873633384704590e+00
1.454953632638532781e+03 1.000234246253967285e+00
1.454974465445910255e+03 9.980313181877136230e-01
1.454995298255233820e+03 1.001519441604614258e+00
1.455016131066469597e+03 9.999156594276428223e-01
1.455036963879534824e+03 9.988228678703308105e-01
1.455057796694304443e+03 1.000545620918273926e+00
1.455078629510612700e+03 9.997087121009826660e-01
1.455099462328255868e+03 9.980455636978149414e-01
1.455120295146995886e+03 9.998582005500793457e-01
1.455141127966560589e+03 1.003669142723083496e+00
1.455182793606960104e+03 1.005267620086669922e+00
1.455203626427147356e+03 9.995412826538085938e-01
1.455224459246870538e+03 1.002685070037841797e+00
1.455245292065783588e+03 1.003093719482421875e+00
1.455266124883543171e+03 9.973496794700622559e-01
1.455286957699813001e+03 9.961509704589843750e-01
1.455307790514268618e+03 1.004639267921447754e+00
1.455328623326605793e+03 9.962964653968811035e-01
1.455349456136547815e+03 9.982930421829223633e-01
1.455370288943843434e+03 9.986904859542846680e-01
1.455391121748276873e+03 1.002147912979125977e+00
1.455411954549667371e+03 9.986327290534973145e-01
1.455432787347878048e+03 9.977539777755737305e-01
1.455453620142813406e+03 9.981325864791870117e-01
1.455474452934420697e+03 1.001088023185729980e+00
1.455495285722694007e+03 9.985781908035278320e-01
1.455516118507672445e+03 9.971235990524291992e-01
1.455536951289441276e+03 9.980452060699462891e-01
1.455557784068126466e+03 1.000733494758605957e+00
1.455578616843897635e+03 1.005080461502075195e+00
1.455599449616961465e+03 9.998360276222229004e-01
1.455620282387558518e+03 1.000080347061157227e+00
1.455641115155962098e+03 9.967073798179626465e-01
1.455661947922468244e+03 1.005247592926025391e+00
1.455682780687395280e+03 9.954303503036499023e-01
1.455703613451079718e+03 1.002650976181030273e+00
1.455724446213862848e+03 9.998412728309631348e-01
1.455745278976090958e+03 1.001834154129028320e+00
1.455766111738108975e+03 1.001386642456054688e+00
1.455786944500255458e+03 9.961596727371215820e-01
1.455807777262849868e+03 9.995673894882202148e-01
1.455828610026193928e+03 9.988024234771728516e-01
1.455849442790567082e+03 1.001124858856201172e+00
1.455870275556218530e+03 9.998629689216613770e-01
1.455891108323358822e+03 1.004034638404846191e+00
1.455911941092165762e+03 1.002453804016113281e+00
1.455932773862777367e+03 9.993149042129516602e-01
1.455953606635284814e+03 9.965332746505737305e-01
1.455974439409736306e+03 9.980955123901367188e-01
1.455995272186136162e+03 9.996265172958374023e-01
1.456016104964440501e+03 1.000279903411865234e+00
1.456036937744563602e+03 9.982478618621826172e-01
1.456057770526375407e+03 1.001866817474365234e+00
1.456078603309704249e+03 9.981961846351623535e-01
1.456099436094339580e+03 9.968329071998596191e-01
1.456120268880041294e+03 9.981303811073303223e-01
1.456141101666533359e+03 9.993142485618591309e-01
1.456161934453515869e+03 1.002159595489501953e+00
1.456182767240670955e+03 1.001341462135314941e+00
1.456203600027665061e+03 9.991957545280456543e-01
1.456224432814153033e+03 9.990782141685485840e-01
1.456245265599787444e+03 9.990235567092895508e-01
1.456266098384226780e+03 1.000041007995605469e+00
1.456286931167135890e+03 9.995306730270385742e-01
1.456307763948192587e+03 1.000146031379699707e+00
1.456349429503572082e+03 9.971681833267211914e-01
1.456370262277373968e+03 1.006313085556030273e+00
1.456391095048290936e+03 1.000816226005554199e+00
1.456411927816147681e+03 9.997903704643249512e-01
1.456432760580811191e+03 1.001045584678649902e+00
1.456453593342193699e+03 1.002287387847900391e+00
1.456474426100247911e+03 1.001340031623840332e+00
1.456495258854973599e+03 9.980919361114501953e-01
1.456516091606415330e+03 9.953120350837707520e-01
1.456536924354664734e+03 1.001349329948425293e+00
1.456557757099853234e+03 1.002786517143249512e+00
1.456578589842155907e+03 9.979155063629150391e-01
1.456599422581782846e+03 9.971254467964172363e-01
1.456620255318979844e+03 1.002426624298095703e+00
1.456641088054023840e+03 1.001633644104003906e+00
1.456661920787214285e+03 9.983873367309570312e-01
1.456682753518872687e+03 1.001644611358642578e+00
1.456703586249334194e+03 1.003033399581909180e+00
1.456724418978943277e+03 1.006018638610839844e+00
1.456745251708046681e+03 1.001509904861450195e+00
1.456766084436987512e+03 9.977954030036926270e-01
1.456786917166100693e+03 9.998401999473571777e-01
1.456807749895705456e+03 9.974707365036010742e-01
1.456828582626103980e+03 9.980229139328002930e-01
1.456849415357567295e+03 1.004303932189941406e+00
1.456870248090340510e+03 9.959513545036315918e-01
1.456891080824632809e+03 9.994949102401733398e-01
1.456911913560614721e+03 9.940133094787597656e-01
1.456932746298418351e+03 9.990907907485961914e-01
1.456953579038129647e+03 9.983605146408081055e-01
1.456974411779791353e+03 9.978229403495788574e-01
1.456995244523401425e+03 9.990833401679992676e-01
1.457016077268910976e+03 1.001686096191406250e+00
1.457036910016226102e+03 9.976786971092224121e-01
1.457057742765214016e+03 1.000105500221252441e+00
1.457078575515696230e+03 1.005689859390258789e+00
1.457099408267458557e+03 1.003064393997192383e+00
1.457120241020254298e+03 1.001798868179321289e+00
1.457141073773807193e+03 9.993487000465393066e-01
1.457161906527813699e+03 1.001795172691345215e+00
1.457182739281952536e+03 9.958169460296630859e-01
1.457203572035886054e+03 9.955999255180358887e-01
1.457224404789273876e+03 9.957154393196105957e-01
1.457245237541767438e+03 1.001098990440368652e+00
1.457266070293021812e+03 9.984459877014160156e-01
1.457286903042705717e+03 1.002035379409790039e+00
1.457307735790501283e+03 9.985353350639343262e-01
1.457328568536108833e+03 9.999701380729675293e-01
1.457349401279257336e+03 9.982298612594604492e-01
1.457370234019705777e+03 1.001298666000366211e+00
1.457391066757247472e+03 1.000308275222778320e+00
1.457432732222973982e+03 1.002914071083068848e+00
1.457453564950947793e+03 9.975864887237548828e-01
1.457474397675593991e+03 1.001202344894409180e+00
1.457495230396918032e+03 9.985752701759338379e-01
1.457516063114972440e+03 9.992156028747558594e-01
1.457536895829850891e+03 9.993150234222412109e-01
1.457557728541693905e+03 9.997130036354064941e-01
1.457578561250678831e+03 9.994208216667175293e-01
1.457620226660972548e+03 1.003131985664367676e+00
1.457641059362812257e+03 1.002955079078674316e+00
1.457661892062842298e+03 9.962159991264343262e-01
1.457703557458782825e+03 9.981115460395812988e-01
1.457724390155375886e+03 1.003924250602722168e+00
1.457745222851511016e+03 1.003104090690612793e+00
1.457766055547531096e+03 9.981997013092041016e-01
1.457807720940546460e+03 1.005643606185913086e+00
1.457828553638154972e+03 1.002036929130554199e+00
1.457849386336866473e+03 1.001179575920104980e+00
1.457891051738521355e+03 1.000793218612670898e+00
1.457911884441835809e+03 1.002492904663085938e+00
1.457932717146988580e+03 1.003177046775817871e+00
1.457953549854061066e+03 9.943194389343261719e-01
1.457974382563088739e+03 1.002432107925415039e+00
1.457995215274065231e+03 1.001199126243591309e+00
1.458016047986934836e+03 9.995577335357666016e-01
1.458036880701599102e+03 9.990623593330383301e-01
1.458057713417916830e+03 1.002345919609069824e+00
1.458078546135706802e+03 9.989459514617919922e-01
1.458099378854752104e+03 1.001622200012207031e+00
1.458120211574798304e+03 9.988033771514892578e-01
1.458141044295565280e+03 1.000033855438232422e+00
1.458182709738026006e+03 1.001938939094543457e+00
1.458203542459057871e+03 1.002935171127319336e+00
1.458224375179499020e+03 1.001769900321960449e+00
1.458245207899006118e+03 9.993757605552673340e-01
1.458266040617234466e+03 9.986844062805175781e-01
1.458286873333850281e+03 9.972196221351623535e-01
1.458307706048541831e+03 9.977503418922424316e-01
1.458328538761013306e+03 9.979832172393798828e-01
1.458349371470996175e+03 9.981059432029724121e-01
1.458370204178252152e+03 1.001599311828613281e+00
1.458391036882580238e+03 9.993244409561157227e-01
1.458411869583817634e+03 1.000531792640686035e+00
1.458432702281840648e+03 9.978970289230346680e-01
1.458453534976571063e+03 1.000685453414916992e+00
1.458474367667976821e+03 9.999039769172668457e-01
1.458495200356068381e+03 9.974292516708374023e-01
1.458516033040904404e+03 1.000460624694824219e+00
1.458536865722582206e+03 9.997175335884094238e-01
1.458557698401250036e+03 1.001456022262573242e+00
1.458578531077090702e+03 9.979553222656250000e-01
1.458599363750324301e+03 9.982843399047851562e-01
1.458620196421204128e+03 9.931309819221496582e-01
1.458641029090014399e+03 1.000332832336425781e+00
1.458661861757061615e+03 9.978870749473571777e-01
1.458682694422669101e+03 1.002790093421936035e+00
1.458703527087177008e+03 9.936406016349792480e-01
1.458724359750929580e+03 9.961581826210021973e-01
1.458745192414275607e+03 1.003673315048217773e+00
1.458766025077554787e+03 9.999887347221374512e-01
1.458786857741098629e+03 1.003027200698852539e+00
1.458807690405223411e+03 9.985347390174865723e-01
1.458828523070220399e+03 1.002870321273803711e+00
1.458849355736359030e+03 1.000575780868530273e+00
1.458870188403872589e+03 1.005344271659851074e+00
1.458891021072960712e+03 9.998347163200378418e-01
1.458911853743785286e+03 9.951032996177673340e-01
1.458932686416465458e+03 9.992293119430541992e-01
1.458953519091076714e+03 1.000348091125488281e+00
1.458974351767648614e+03 9.995244145393371582e-01
1.458995184446167286e+03 9.961491227149963379e-01
1.459016017126572478e+03 9.972889423370361328e-01
1.459057682492585400e+03 9.990850687026977539e-01
1.459078515177859572e+03 1.002734541893005371e+00
1.459099347864360880e+03 1.005526185035705566e+00
1.459120180551833528e+03 9.997268319129943848e-01
1.459141013239991707e+03 9.976080060005187988e-01
1.459161845928528464e+03 1.002691388130187988e+00
1.459182678617118881e+03 9.969590306282043457e-01
1.459203511305423035e+03 9.980087876319885254e-01
1.459224343993095999e+03 9.969131350517272949e-01
1.459245176679791712e+03 1.004254817962646484e+00
1.459266009365168884e+03 1.003925204277038574e+00
1.459286842048898507e+03 9.994324445724487305e-01
1.459307674730665667e+03 9.972051382064819336e-01
1.459328507410179100e+03 1.001109361648559570e+00
1.459349340087175051e+03 1.004093647003173828e+00
1.459370172761421145e+03 9.989509582519531250e-01
1.459391005432718885e+03 9.993832111358642578e-01
1.459411838100910700e+03 9.967446327209472656e-01
1.459432670765880403e+03 1.002529621124267578e+00
1.459453503427555916e+03 9.971722364425659180e-01
1.459474336085908135e+03 9.985626339912414551e-01
1.459495168740954796e+03 1.004333019256591797e+00
1.459516001392761154e+03 9.956975579261779785e-01
1.459536834041432485e+03 1.001116514205932617e+00
1.459557666687116807e+03 1.000030875205993652e+00
1.459578499330005343e+03 1.002445459365844727e+00
1.459599331970322964e+03 1.000146150588989258e+00
1.459620164608327286e+03 1.001413106918334961e+00
1.459640997244303662e+03 9.957083463668823242e-01
1.459661829878562457e+03 9.997640252113342285e-01
1.459682662511431772e+03 9.957729578018188477e-01
1.459703495143249484e+03 1.002138853073120117e+00
1.459724327774361655e+03 9.974236488342285156e-01
1.459745160405115030e+03 9.987306594848632812e-01
1.459765993035851352e+03 1.000859975814819336e+00
1.459786825666899404e+03 1.002324581146240234e+00
1.459807658298570914e+03 9.985668063163757324e-01
1.459828490931156693e+03 1.003753900527954102e+00
1.459849323564920269e+03 1.002454996109008789e+00
1.459870156200092197e+03 1.000620365142822266e+00
1.459890988836865290e+03 1.006178379058837891e+00
1.459911821475397574e+03 9.992826581001281738e-01
1.459932654115801597e+03 9.980123639106750488e-01
1.459995152048718182e+03 9.992755651473999023e-01
1.460015984696855867e+03 9.994952678680419922e-01
1.460036817346765019e+03 9.939086437225341797e-01
1.460057649998291254e+03 9.971926808357238770e-01
1.460078482651244258e+03 1.004756808280944824e+00
1.460099315305396885e+03 1.002941370010375977e+00
1.460120147960489248e+03 9.978892803192138672e-01
1.460140980616233492e+03 1.000925183296203613e+00
1.460161813272318568e+03 9.985526204109191895e-01
1.460182645928417060e+03 9.948215484619140625e-01
1.460203478584189270e+03 9.953942298889160156e-01
1.460224311239290046e+03 1.001515150070190430e+00
1.460245143893372415e+03 1.001284480094909668e+00
1.460265976546096226e+03 9.975975155830383301e-01
1.460286809197134289e+03 1.004853606224060059e+00
1.460307641846174874e+03 1.005217552185058594e+00
1.460328474492930354e+03 9.998525977134704590e-01
1.460349307137140158e+03 1.004978656768798828e+00
1.460370139778576458e+03 9.969593882560729980e-01
1.460390972417046214e+03 1.001306533813476562e+00
1.460411805052396630e+03 1.001904249191284180e+00
1.460432637684517204e+03 1.004432916641235352e+00
1.460453470313341995e+03 1.003858447074890137e+00
1.460474302938848268e+03 1.001189708709716797e+00
1.460495135561058532e+03 1.000002145767211914e+00
1.460515968180043501e+03 9.978895187377929688e-01
1.460536800795916179e+03 1.000530719757080078e+00
1.460557633408829588e+03 9.983132481575012207e-01
1.460578466018978588e+03 9.952536821365356445e-01
1.460620131231934465e+03 9.974760413169860840e-01
1.460640963835292951e+03 9.996126890182495117e-01
1.460661796436979785e+03 1.001069307327270508e+00
1.460682629037324432e+03 9.986158013343811035e-01
1.460703461636668408e+03 9.989624619483947754e-01
1.460724294235357092e+03 9.985239505767822266e-01
1.460745126833736776e+03 9.982361793518066406e-01
1.460765959432146929e+03 1.004396796226501465e+00
1.460786792030915649e+03 9.997010827064514160e-01
1.460807624630353075e+03 1.002341270446777344e+00
1.460828457230744561e+03 9.967635869979858398e-01
1.460849289832349996e+03 1.008438706398010254e+00
1.460870122435395842e+03 1.002994298934936523e+00
1.460890955040072413e+03 1.001005291938781738e+00
1.460911787646527728e+03 1.002195596694946289e+00
1.460932620254871154e+03 1.006087541580200195e+00
1.460953452865168629e+03 1.001412868499755859e+00
1.460974285477436524e+03 9.960409998893737793e-01
1.460995118091648237e+03 9.968375563621520996e-01
1.461015950707732827e+03 1.003038763999938965e+00
1.461036783325575470e+03 1.000622034072875977e+00
1.461057615945017460e+03 9.992633461952209473e-01
1.461078448565862345e+03 1.001938223838806152e+00
1.461099281187879797e+03 1.004475474357604980e+00
1.461120113810805151e+03 9.981476664543151855e-01
1.461140946434348280e+03 9.991014599800109863e-01
1.461161779058194043e+03 1.005338191986083984e+00
1.461182611682014112e+03 1.004171013832092285e+00
1.461203444305467883e+03 1.002640247344970703e+00
1.461224276928209292e+03 9.948075413703918457e-01
1.461245109549891140e+03 9.958785176277160645e-01
1.461265942170176231e+03 1.001996517181396484e+00
1.461286774788738967e+03 1.000308394432067871e+00
1.461307607405269664e+03 9.955935478210449219e-01
1.461328440019483878e+03 1.000304579734802246e+00
1.461349272631126041e+03 1.000823020935058594e+00
1.461370105239971281e+03 1.003122806549072266e+00
1.461390937845832923e+03 9.992017149925231934e-01
1.461411770448563857e+03 1.004123568534851074e+00
1.461432603048057445e+03 1.000596523284912109e+00
1.461453435644254114e+03 9.984576106071472168e-01
1.461474268237137721e+03 9.985653758049011230e-01
1.461495100826738280e+03 9.959058165550231934e-01
1.461515933413129460e+03 1.003837585449218750e+00
1.461536765996430859e+03 1.003194332122802734e+00
1.461557598576801865e+03 1.001437544822692871e+00
1.461578431154441660e+03 9.993010163307189941e-01
1.461599263729582844e+03 9.985688924789428711e-01
1.461620096302493039e+03 1.000103116035461426e+00
1.461640928873465327e+03 1.001767039299011230e+00
1.461661761442813258e+03 1.002384781837463379e+00
1.461682594010868115e+03 1.004298090934753418e+00
1.461703426577971186e+03 1.006331086158752441e+00
1.461724259144470125e+03 9.995855093002319336e-01
1.461745091710710312e+03 1.000652909278869629e+00
1.461765924277029171e+03 9.983224272727966309e-01
1.461786756843753210e+03 9.963985681533813477e-01
1.461807589411190065e+03 9.994863271713256836e-01
1.461828421979621680e+03 9.963815808296203613e-01
1.461849254549303396e+03 9.991272687911987305e-01
1.461870087120457583e+03 1.004117727279663086e+00
1.461890919693269097e+03 1.003049731254577637e+00
1.461911752267882321e+03 9.969276785850524902e-01
1.461932584844398662e+03 9.980496168136596680e-01
1.461953417422878374e+03 1.002663850784301758e+00
1.461974250003333282e+03 1.001022696495056152e+00
1.461995082585730643e+03 9.980367422103881836e-01
1.462015915169992468e+03 9.983172416687011719e-01
1.462036747755997794e+03 9.972405433654785156e-01
1.462057580343585869e+03 9.989103078842163086e-01
1.462078412932554329e+03 1.001588106155395508e+00
1.462099245522666251e+03 1.002161026000976562e+00
1.462120078113654017e+03 9.961551427841186523e-01
1.462140910705224087e+03 9.990878701210021973e-01
1.462161743297060639e+03 9.996256828308105469e-01
1.462182575888832616e+03 1.000072598457336426e+00
1.462203408480197140e+03 9.987493753433227539e-01
1.462224241070808830e+03 9.977438449859619141e-01
1.462245073660323669e+03 9.983226656913757324e-01
1.462265906248401734e+03 9.984030127525329590e-01
1.462286738834719245e+03 9.978995919227600098e-01
1.462307571418972429e+03 1.000488400459289551e+00
1.462328404000879345e+03 1.000795960426330566e+00
1.462349236580187380e+03 9.992014765739440918e-01
1.462370069156676436e+03 9.933993816375732422e-01
1.462390901730166661e+03 9.979523420333862305e-01
1.462411734300513899e+03 1.001859664916992188e+00
1.462432566867618789e+03 9.944149851799011230e-01
1.462453399431426760e+03 9.992184042930603027e-01
1.462474231991929173e+03 9.969099164009094238e-01
1.462495064549161043e+03 1.001386880874633789e+00
1.462515897103201041e+03 9.975633621215820312e-01
1.462536729654175133e+03 1.004240155220031738e+00
1.462557562202247937e+03 1.000024557113647461e+00
1.462578394747623406e+03 9.999521374702453613e-01
1.462599227290539147e+03 9.948855638504028320e-01
1.462620059831265962e+03 1.000635623931884766e+00
1.462640892370099209e+03 9.996523857116699219e-01
1.462661724907356529e+03 9.998337030410766602e-01
1.462682557443370797e+03 1.003077268600463867e+00
1.462703389978482392e+03 1.003271222114562988e+00
1.462724222513041013e+03 9.948427081108093262e-01
1.462745055047391588e+03 1.000951290130615234e+00
1.462765887581869720e+03 9.974231123924255371e-01
1.462786720116798278e+03 9.985345005989074707e-01
1.462807552652483992e+03 1.002467632293701172e+00
1.462828385189205392e+03 1.001839160919189453e+00
1.462849217727213954e+03 1.003483653068542480e+00
1.462870050266725457e+03 1.004214882850646973e+00
1.462890882807919979e+03 1.004067301750183105e+00
1.462911715350938266e+03 1.001930356025695801e+00
1.462932547895876041e+03 9.982945919036865234e-01
1.462953380442786283e+03 1.004211068153381348e+00
1.462974212991673994e+03 9.928463697433471680e-01
1.462995045542502794e+03 9.999462366104125977e-01
1.463015878095188555e+03 1.000064730644226074e+00
1.463036710649603720e+03 9.942640066146850586e-01
1.463057543205582533e+03 9.949045181274414062e-01
1.463078375762917631e+03 9.992965459823608398e-01
1.463099208321368224e+03 1.001851439476013184e+00
1.463120040880663282e+03 9.996065497398376465e-01
1.463140873440505175e+03 1.004373311996459961e+00
1.463161706000577851e+03 9.995141029357910156e-01
1.463182538560545481e+03 9.997380971908569336e-01
1.463203371120066322e+03 1.002874612808227539e+00
1.463224203678793401e+03 1.000726580619812012e+00
1.463245036236383612e+03 9.953833222389221191e-01
1.463265868792501351e+03 9.971469044685363770e-01
1.463286701346821928e+03 1.004472136497497559e+00
1.463307533899043847e+03 1.002241611480712891e+00
1.463328366448891757e+03 9.934229850769042969e-01
1.463349198996113955e+03 9.988476037979125977e-01
1.463370031540498303e+03 9.977853298187255859e-01
1.463390864081866312e+03 9.988149404525756836e-01
1.463411696620082012e+03 9.975114464759826660e-01
1.463432529155052407e+03 1.000029921531677246e+00
1.463495026740219828e+03 9.992735981941223145e-01
1.463515859262166714e+03 9.996657371520996094e-01
1.463557524297104692e+03 1.001627564430236816e+00
