2.769911135587825356e+03 1.007628321647644043e+00
2.769918080252117306e+03 1.005666732788085938e+00
2.769925024915944505e+03 1.119588851928710938e+00
2.769931969579305587e+03 1.090197801589965820e+00
2.769938914241735347e+03 1.117803573608398438e+00
2.769945858904166016e+03 1.026298284530639648e+00
2.769952803565664453e+03 1.017699360847473145e+00
2.769959748226696775e+03 1.117298245429992676e+00
2.769966692887264344e+03 1.070226073265075684e+00
2.769973637546900136e+03 1.119407653808593750e+00
2.769980582206535928e+03 1.068161487579345703e+00
2.769987526865240852e+03 1.051327466964721680e+00
2.769994471523945776e+03 1.029331445693969727e+00
2.770001416181718923e+03 1.076729774475097656e+00
2.770008360839026409e+03 1.041793465614318848e+00
2.770015305495403027e+03 1.118062496185302734e+00
2.770022250151778735e+03 1.026084899902343750e+00
2.770029194807224030e+03 1.025314688682556152e+00
2.770036139462669325e+03 1.025590658187866211e+00
2.770043084117183298e+03 1.007172226905822754e+00
2.770050028771230700e+03 1.091409683227539062e+00
2.770056973424812895e+03 1.023363590240478516e+00
2.770063918077930339e+03 1.053580403327941895e+00
2.770070862730580757e+03 1.029326915740966797e+00
2.770077807382300307e+03 1.055631518363952637e+00
2.770084752034020767e+03 1.075994014739990234e+00
2.770091696684808539e+03 9.785208106040954590e-01
2.770098641335597222e+03 9.675127267837524414e-01
2.770105585985453672e+03 1.044250249862670898e+00
2.770112530634845825e+03 9.776136279106140137e-01
2.770119475283771408e+03 1.014504313468933105e+00
2.770126419932230874e+03 1.032655835151672363e+00
2.770133364580691250e+03 1.085923433303833008e+00
2.770140309228220303e+03 9.994009733200073242e-01
2.770147253875283241e+03 1.034224271774291992e+00
2.770154198521881426e+03 1.039479494094848633e+00
2.770161143168012586e+03 9.751184582710266113e-01
2.770168087813678994e+03 1.024972677230834961e+00
2.770175032458878832e+03 1.046611309051513672e+00
2.770181977103613917e+03 1.007912397384643555e+00
2.770188921747882432e+03 1.084101438522338867e+00
2.770195866391686195e+03 1.071621894836425781e+00
2.770202811035024297e+03 1.041985392570495605e+00
2.770209755678362399e+03 1.039788842201232910e+00
2.770216700320768723e+03 1.027938723564147949e+00
2.770223644962709386e+03 9.839704632759094238e-01
2.770230589604650504e+03 1.023806214332580566e+00
2.770237534245659390e+03 1.019900560379028320e+00
2.770244478886668730e+03 1.024936676025390625e+00
2.770251423527213319e+03 1.036262154579162598e+00
2.770258368167290882e+03 1.023968815803527832e+00
2.770265312806903694e+03 1.038140773773193359e+00
2.770272257446050844e+03 1.058218121528625488e+00
2.770279202084732333e+03 1.033096432685852051e+00
2.770286146722947706e+03 1.054665923118591309e+00
2.770293091361162169e+03 9.817688465118408203e-01
2.770300035998912790e+03 1.070261955261230469e+00
2.770306980636197750e+03 9.696879982948303223e-01
2.770313925273015229e+03 1.040731191635131836e+00
2.770320869909367957e+03 1.018393158912658691e+00
2.770327814545721594e+03 1.055184245109558105e+00
2.770334759181608661e+03 1.052803754806518555e+00
2.770341703817030520e+03 9.577662944793701172e-01
2.770348648451985810e+03 1.086256980895996094e+00
2.770355593086476802e+03 9.854113459587097168e-01
2.770362537720966884e+03 1.030580401420593262e+00
2.770369482354990851e+03 1.025751233100891113e+00
2.770376426988550065e+03 1.011637568473815918e+00
2.770383371622108825e+03 9.655972719192504883e-01
2.770390316254736263e+03 1.000036835670471191e+00
2.770397260887830271e+03 1.055368542671203613e+00
2.770404205519991592e+03 9.893214106559753418e-01
2.770411150152153368e+03 9.709313511848449707e-01
2.770418094783849938e+03 9.976382851600646973e-01
2.770425039415080846e+03 1.079866051673889160e+00
2.770431984046310845e+03 1.037833094596862793e+00
2.770438928677076092e+03 9.995301961898803711e-01
2.770445873307375678e+03 1.055979967117309570e+00
2.770452817937674808e+03 1.014194846153259277e+00
2.770459762567507823e+03 1.057348608970642090e+00
2.770466707196876541e+03 1.099435806274414062e+00
2.770473651826244804e+03 1.089626431465148926e+00
2.770480596455146497e+03 1.087182283401489258e+00
2.770487541084048644e+03 1.022155284881591797e+00
2.770494485712486039e+03 1.018027186393737793e+00
2.770501430340455954e+03 1.027804613113403320e+00
2.770508374968426779e+03 1.001100301742553711e+00
2.770515319595932397e+03 1.039492368698120117e+00
2.770522264223438924e+03 1.049899697303771973e+00
2.770529208850478426e+03 1.053695201873779297e+00
2.770536153477051357e+03 1.054183244705200195e+00
2.770543098103626107e+03 1.013554334640502930e+00
2.770550042729734287e+03 1.022992253303527832e+00
2.770556987355842011e+03 1.048188328742980957e+00
2.770563931981950645e+03 1.029841423034667969e+00
2.770570876607127957e+03 9.777983427047729492e-01
2.770577821232770930e+03 9.902781248092651367e-01
2.770584765857481671e+03 9.318480491638183594e-01
2.770591710482658982e+03 9.605938792228698730e-01
2.770598655106904971e+03 1.103880524635314941e+00
2.770605599731150051e+03 1.035944461822509766e+00
2.770612544355396039e+03 1.117229104042053223e+00
2.770619488979176367e+03 9.592228531837463379e-01
2.770626433602956240e+03 1.039861917495727539e+00
2.770633378226270452e+03 9.937706589698791504e-01
2.770640322849585118e+03 9.754827022552490234e-01
2.770647267472898875e+03 9.679436087608337402e-01
2.770654212095281764e+03 1.045022249221801758e+00
2.770661156718131224e+03 1.032863616943359375e+00
2.770668101340514568e+03 9.456364512443542480e-01
2.770675045962431341e+03 1.045916199684143066e+00
2.770681990584349023e+03 1.043762683868408203e+00
2.770688935206266706e+03 9.868792891502380371e-01
2.770695879827718272e+03 9.569679498672485352e-01
2.770702824449168929e+03 1.036665320396423340e+00
2.770709769070155744e+03 1.018852829933166504e+00
2.770716713691141649e+03 1.002345442771911621e+00
2.770723658312127100e+03 9.843376874923706055e-01
2.770730602932648253e+03 1.017073750495910645e+00
2.770737547552703745e+03 1.036943912506103516e+00
2.770744492173223534e+03 1.009379744529724121e+00
2.770751436792812910e+03 1.001204967498779297e+00
2.770758381412867038e+03 1.012437343597412109e+00
2.770765326032456414e+03 9.849507808685302734e-01
2.770772270652044881e+03 1.071854233741760254e+00
2.770779215271168596e+03 1.021185159683227539e+00
2.770786159890292311e+03 1.054041504859924316e+00
2.770793104509416025e+03 1.002975702285766602e+00
2.770800049128073624e+03 1.007737398147583008e+00
2.770806993746732132e+03 1.049062132835388184e+00
2.770813938364923160e+03 1.060834527015686035e+00
2.770820882983115098e+03 9.559572339057922363e-01
2.770827827601307490e+03 1.039396882057189941e+00
2.770834772219499882e+03 1.026845216751098633e+00
2.770841716837225704e+03 1.012334108352661133e+00
2.770848661454486773e+03 1.069199085235595703e+00
2.770855606072213050e+03 9.364634156227111816e-01
2.770862550689473665e+03 1.022636175155639648e+00
2.770869495306734734e+03 1.041802167892456055e+00
2.770876439923530143e+03 9.897502064704895020e-01
2.770883384540325551e+03 1.018640875816345215e+00
2.770890329157120050e+03 9.587527513504028320e-01
2.770897273773449342e+03 9.409738779067993164e-01
2.770904218389779544e+03 9.705771207809448242e-01
2.770911163006107927e+03 9.681748151779174805e-01
2.770918107622437219e+03 9.086360335350036621e-01
2.770925052238301760e+03 9.830440878868103027e-01
2.770931996854166300e+03 1.050659418106079102e+00
2.770938941469564270e+03 9.984117150306701660e-01
2.770945886085426991e+03 1.030974864959716797e+00
2.770952830700825871e+03 9.909487366676330566e-01
2.770959775315758179e+03 1.011562705039978027e+00
2.770966719931155694e+03 1.063578009605407715e+00
2.770973664546088457e+03 9.785440564155578613e-01
2.770980609161021221e+03 1.048097372055053711e+00
2.770987553775488323e+03 9.948236942291259766e-01
2.770994498389955424e+03 1.038235545158386230e+00
2.771001443004421617e+03 1.026950478553771973e+00
2.771008387618888719e+03 1.049567103385925293e+00
2.771015332232889250e+03 9.590533971786499023e-01
2.771022276847356352e+03 9.855331182479858398e-01
2.771029221460891222e+03 8.577197194099426270e-01
2.771036166074892662e+03 9.891409277915954590e-01
2.771043110688428442e+03 9.609101414680480957e-01
2.771050055302429882e+03 1.042382955551147461e+00
2.771056999915499091e+03 1.038141369819641113e+00
2.771063944529034870e+03 9.261019825935363770e-01
2.771070889142104988e+03 9.830380678176879883e-01
2.771077833755174197e+03 9.420365691184997559e-01
2.771084778368243860e+03 1.007305741310119629e+00
2.771091722981314433e+03 9.557544589042663574e-01
2.771098667593918890e+03 9.725612998008728027e-01
2.771105612206522892e+03 9.665725231170654297e-01
2.771112556819125984e+03 9.792866110801696777e-01
2.771119501431731351e+03 1.094117164611816406e+00
2.771126446043869691e+03 9.933033585548400879e-01
2.771133390656007123e+03 9.641228318214416504e-01
2.771140335268146373e+03 9.270513057708740234e-01
2.771147279880285623e+03 9.239537715911865234e-01
2.771154224491957848e+03 9.437631964683532715e-01
2.771161169103630982e+03 9.801407456398010254e-01
2.771168113715303207e+03 9.962863326072692871e-01
2.771175058326976341e+03 1.038484573364257812e+00
2.771182002938182904e+03 1.019486308097839355e+00
2.771188947549856039e+03 1.048300147056579590e+00
2.771195892161063966e+03 9.543315768241882324e-01
2.771202836772270985e+03 1.053026080131530762e+00
2.771209781383012341e+03 9.673598408699035645e-01
2.771216725994220269e+03 9.531458020210266113e-01
2.771223670604960716e+03 1.016783356666564941e+00
2.771230615215702073e+03 9.620463252067565918e-01
2.771237559826443885e+03 1.023393988609313965e+00
2.771244504436720035e+03 1.020347237586975098e+00
2.771251449047461392e+03 9.809398651123046875e-01
2.771258393657737088e+03 9.654781222343444824e-01
2.771265338268013693e+03 1.032528162002563477e+00
2.771272282877823727e+03 1.025288701057434082e+00
2.771279227488098968e+03 1.025715947151184082e+00
2.771286172097909457e+03 9.821871519088745117e-01
2.771293116708185607e+03 1.018282175064086914e+00
2.771300061317529526e+03 9.860840439796447754e-01
2.771307005927339560e+03 1.007267594337463379e+00
2.771313950537150504e+03 1.019398450851440430e+00
2.771320895146494877e+03 1.012531280517578125e+00
2.771327839755839250e+03 1.007714390754699707e+00
2.771334784365184078e+03 9.356602430343627930e-01
2.771341728974527996e+03 9.986608028411865234e-01
2.771348673583872824e+03 9.847921133041381836e-01
2.771355618192751081e+03 9.024299383163452148e-01
2.771362562801630702e+03 9.704041481018066406e-01
2.771369507410509414e+03 1.034828305244445801e+00
2.771376452019388125e+03 9.500632882118225098e-01
2.771383396628267747e+03 9.802039861679077148e-01
2.771390341236680342e+03 9.762871265411376953e-01
2.771397285845559054e+03 9.963879585266113281e-01
2.771404230453973014e+03 9.866257905960083008e-01
2.771411175062385610e+03 9.561205506324768066e-01
2.771418119670799115e+03 9.971229434013366699e-01
2.771425064278746049e+03 9.431102275848388672e-01
2.771432008887160009e+03 1.022551178932189941e+00
2.771438953495107398e+03 1.050870060920715332e+00
2.771445898103054333e+03 9.761924147605895996e-01
2.771452842711002177e+03 9.622386693954467773e-01
2.771459787318485269e+03 9.548724293708801270e-01
2.771466731926431748e+03 9.752299189567565918e-01
2.771473676533913476e+03 9.263607263565063477e-01
2.771480621141861320e+03 9.754928350448608398e-01
2.771487565749343503e+03 9.445618987083435059e-01
2.771494510356824776e+03 1.011949896812438965e+00
2.771501454963841297e+03 1.010858654975891113e+00
2.771508399571323480e+03 1.050933361053466797e+00
2.771515344178339546e+03 9.805104732513427734e-01
2.771522288785355158e+03 9.907387495040893555e-01
2.771529233392837796e+03 9.072977304458618164e-01
2.771536177999388201e+03 8.996617794036865234e-01
2.771543122606403358e+03 9.651479125022888184e-01
2.771550067213420334e+03 1.022631168365478516e+00
2.771557011819971649e+03 9.842196106910705566e-01
2.771563956426521599e+03 9.578580856323242188e-01
2.771570901033538121e+03 9.994974136352539062e-01
2.771577845639622410e+03 1.022427916526794434e+00
2.771584790246173270e+03 9.708584547042846680e-01
2.771591734852724130e+03 9.849320650100708008e-01
2.771598679458808419e+03 9.706690907478332520e-01
2.771605624065359279e+03 9.800357222557067871e-01
2.771612568671443569e+03 1.000459909439086914e+00
2.771619513277529222e+03 9.593952298164367676e-01
2.771626457883614876e+03 8.966454863548278809e-01
2.771633402489233049e+03 9.442233443260192871e-01
2.771640347095317793e+03 9.783791303634643555e-01
2.771647291700937785e+03 9.315595030784606934e-01
2.771654236307022074e+03 9.579399824142456055e-01
2.771661180912641157e+03 1.047436833381652832e+00
2.771668125518260695e+03 9.806034564971923828e-01
2.771675070123880687e+03 9.869921207427978516e-01
2.771682014729034108e+03 1.076613187789916992e+00
2.771688959334652736e+03 9.641162753105163574e-01
2.771695903939806612e+03 9.859673380851745605e-01
2.771702848545425695e+03 9.469493031501770020e-01
2.771709793150578207e+03 1.006558895111083984e+00
2.771716737755732993e+03 9.547831416130065918e-01
2.771723682360421208e+03 9.862754940986633301e-01
2.771730626965575084e+03 1.007558226585388184e+00
2.771737571570728051e+03 9.835394620895385742e-01
2.771744516175416265e+03 1.047079682350158691e+00
2.771751460780103571e+03 1.045838952064514160e+00
2.771758405384791786e+03 1.049551725387573242e+00
2.771765349989479091e+03 1.069349169731140137e+00
2.771772294594167761e+03 9.475939869880676270e-01
2.771779239198855521e+03 9.745265245437622070e-01
2.771786183803543736e+03 9.704245328903198242e-01
2.771793128407766289e+03 9.554294347763061523e-01
2.771800073011987934e+03 9.506686329841613770e-01
2.771807017616210032e+03 1.038494229316711426e+00
2.771813962220433041e+03 9.876114130020141602e-01
2.771820906824655594e+03 1.011870026588439941e+00
2.771827851428877693e+03 9.541406035423278809e-01
2.771834796033098883e+03 1.001934528350830078e+00
2.771841740636856230e+03 1.051659584045410156e+00
2.771848685241078329e+03 1.042821407318115234e+00
2.771855629844834311e+03 9.967469573020935059e-01
2.771862574448591658e+03 9.481905102729797363e-01
2.771869519052349006e+03 9.441775679588317871e-01
2.771876463656104988e+03 9.081562161445617676e-01
2.771883408259396219e+03 1.046708106994628906e+00
2.771890352863152202e+03 9.521486759185791016e-01
2.771897297466443433e+03 9.438375830650329590e-01
2.771904242070199416e+03 1.050082445144653320e+00
2.771911186673490647e+03 9.782881736755371094e-01
2.771918131276781423e+03 9.668794870376586914e-01
2.771925075880072200e+03 1.032227635383605957e+00
2.771932020483363885e+03 1.069490075111389160e+00
2.771938965086189910e+03 1.045151829719543457e+00
2.771945909689479777e+03 1.022075414657592773e+00
2.771952854292304892e+03 8.969656825065612793e-01
2.771959798895596123e+03 9.722350835800170898e-01
2.771966743498420783e+03 9.782893657684326172e-01
2.771973688101245898e+03 9.815083146095275879e-01
2.771980632704071922e+03 1.065936803817749023e+00
2.771987577306897947e+03 1.045369744300842285e+00
2.771994521909257401e+03 9.692097306251525879e-01
2.772001466512082061e+03 1.005423307418823242e+00
2.772008411114441969e+03 9.920414686203002930e-01
2.772015355717267084e+03 9.995002150535583496e-01
2.772022300319625629e+03 9.703384041786193848e-01
2.772029244921985992e+03 9.946097135543823242e-01
2.772036189524346355e+03 9.247768521308898926e-01
2.772043134126705809e+03 1.013216018676757812e+00
2.772050078728599601e+03 9.906479716300964355e-01
2.772057023330959510e+03 1.086179018020629883e+00
2.772063967932852847e+03 1.007802367210388184e+00
2.772070912535212756e+03 1.016478180885314941e+00
2.772077857137106093e+03 9.289289116859436035e-01
2.772084801739000795e+03 9.870846867561340332e-01
2.772091746340894588e+03 1.010463953018188477e+00
2.772098690942788380e+03 1.022438526153564453e+00
2.772105635544217421e+03 9.817031025886535645e-01
2.772112580146110759e+03 9.475681781768798828e-01
2.772119524748004551e+03 1.063345432281494141e+00
2.772126469349433592e+03 9.436756968498229980e-01
2.772133413950861268e+03 9.401497244834899902e-01
2.772140358552289854e+03 9.593310356140136719e-01
2.772147303153717530e+03 9.687125682830810547e-01
2.772154247755146571e+03 9.844287037849426270e-01
2.772161192356574702e+03 8.941472172737121582e-01
2.772168136958002378e+03 9.513607025146484375e-01
2.772175081558965303e+03 9.691105484962463379e-01
2.772182026160394798e+03 1.000731825828552246e+00
2.772188970761356359e+03 9.879146218299865723e-01
2.772195915362318829e+03 9.957498311996459961e-01
2.772202859963747414e+03 9.636638760566711426e-01
2.772209804564710339e+03 9.185996651649475098e-01
2.772216749165206693e+03 9.542855024337768555e-01
2.772223693766169617e+03 9.966620206832885742e-01
2.772230638367131633e+03 9.879842996597290039e-01
2.772237582967628896e+03 1.059278368949890137e+00
2.772244527568591366e+03 9.405542016029357910e-01
2.772251472169089084e+03 1.017700076103210449e+00
2.772258416769585892e+03 9.492135047912597656e-01
2.772265361370082701e+03 1.064706206321716309e+00
2.772272305970579964e+03 9.759939312934875488e-01
2.772279250571076318e+03 1.106819391250610352e+00
2.772286195171573127e+03 1.033573031425476074e+00
2.772293139772070845e+03 9.378125071525573730e-01
2.772300084372101537e+03 1.059592366218566895e+00
2.772307028972598800e+03 9.841378927230834961e-01
2.772313973572629948e+03 9.488554000854492188e-01
2.772320918172662005e+03 1.078057885169982910e+00
2.772327862772693152e+03 9.688008427619934082e-01
2.772334807372723390e+03 9.889860749244689941e-01
2.772341751972755446e+03 9.121744632720947266e-01
2.772348696572787503e+03 1.033520460128784180e+00
2.772355641172817741e+03 9.359276294708251953e-01
2.772362585772383227e+03 9.235711097717285156e-01
2.772369530372414829e+03 1.051532268524169922e+00
2.772376474971980770e+03 9.866266846656799316e-01
2.772383419571546710e+03 9.761232733726501465e-01
2.772390364171111742e+03 9.611285328865051270e-01
2.772397308770678137e+03 9.969547390937805176e-01
2.772404253370243623e+03 1.014125347137451172e+00
2.772411197969808654e+03 9.935893416404724121e-01
2.772418142569374595e+03 1.049738287925720215e+00
2.772425087168474420e+03 9.624037742614746094e-01
2.772432031768039906e+03 9.653396606445312500e-01
2.772438976367140640e+03 9.063097834587097168e-01
2.772445920966240465e+03 9.971987605094909668e-01
2.772452865565340744e+03 1.035769701004028320e+00
2.772459810164440114e+03 9.913685321807861328e-01
2.772466754763540848e+03 8.883765339851379395e-01
2.772473699362640673e+03 9.630957245826721191e-01
2.772480643961740043e+03 9.838228225708007812e-01
2.772487588560840322e+03 9.295221567153930664e-01
2.772494533159474940e+03 9.443865418434143066e-01
2.772501477758108649e+03 1.056560277938842773e+00
2.772508422357208929e+03 9.149880409240722656e-01
2.772515366955843547e+03 1.006014466285705566e+00
2.772522311554478165e+03 9.761206507682800293e-01
2.772529256153111874e+03 1.066714167594909668e+00
2.772536200751746492e+03 1.019721865653991699e+00
2.772543145350380200e+03 9.925004243850708008e-01
2.772550089948549157e+03 9.965421557426452637e-01
2.772557034547182866e+03 9.949225783348083496e-01
2.772563979145352278e+03 9.933593869209289551e-01
2.772570923743986441e+03 9.852417707443237305e-01
2.772577868342155398e+03 9.729248285293579102e-01
2.772584812940324355e+03 9.233581423759460449e-01
2.772591757538492402e+03 9.335032105445861816e-01
2.772598702136660904e+03 1.011372208595275879e+00
2.772605646734830316e+03 1.013498663902282715e+00
2.772612591332998363e+03 1.026531100273132324e+00
2.772619535930701659e+03 1.012092709541320801e+00
2.772626480528869706e+03 9.457461833953857422e-01
2.772633425126573457e+03 9.706967473030090332e-01
2.772640369724741959e+03 9.568991661071777344e-01
2.772647314322444345e+03 1.000999927520751953e+00
2.772654258920148095e+03 1.048018455505371094e+00
2.772661203517851845e+03 1.040491342544555664e+00
2.772668148115553777e+03 9.843363761901855469e-01
2.772675092713256618e+03 9.453957080841064453e-01
2.772682037310494252e+03 9.861671328544616699e-01
2.772688981908197547e+03 1.008377671241760254e+00
2.772695926505899934e+03 9.677319526672363281e-01
2.772702871103137568e+03 9.611026644706726074e-01
2.772709815700375202e+03 8.303109407424926758e-01
2.772716760297612836e+03 9.804698228836059570e-01
2.772723704895315223e+03 9.767730236053466797e-01
2.772730649492552857e+03 9.513485431671142578e-01
2.772737594089324375e+03 1.007532000541687012e+00
2.772744538686561555e+03 9.613189101219177246e-01
2.772751483283799189e+03 1.052240729331970215e+00
2.772758427881036823e+03 1.074082374572753906e+00
2.772765372477807887e+03 9.667299985885620117e-01
2.772772317074579860e+03 9.543620347976684570e-01
2.772779261671817949e+03 1.014813065528869629e+00
2.772786206268589467e+03 1.051644921302795410e+00
2.772793150865360531e+03 9.797668457031250000e-01
2.772800095462132504e+03 9.011550545692443848e-01
2.772807040058904477e+03 1.021429538726806641e+00
2.772813984655675540e+03 9.750880002975463867e-01
2.772820929251981397e+03 9.170622825622558594e-01
2.772827873848753825e+03 1.049383163452148438e+00
2.772834818445524888e+03 9.712310433387756348e-01
2.772841763041831200e+03 9.907393455505371094e-01
2.772848707638137512e+03 1.004797697067260742e+00
2.772855652234442914e+03 9.368252158164978027e-01
2.772862596831214887e+03 1.011794686317443848e+00
2.772869541427520289e+03 9.498533010482788086e-01
2.772876486023361394e+03 9.615283608436584473e-01
2.772883430619667251e+03 8.708426356315612793e-01
2.772890375215973108e+03 1.070279121398925781e+00
2.772897319812279875e+03 1.013171792030334473e+00
2.772904264408119616e+03 1.006500244140625000e+00
2.772911209004425473e+03 9.289565682411193848e-01
2.772918153600266578e+03 1.066944241523742676e+00
2.772925098196106319e+03 9.738344550132751465e-01
2.772932042791946969e+03 9.200630784034729004e-01
2.772938987387786710e+03 9.617502689361572266e-01
2.772945931983627815e+03 9.876742959022521973e-01
2.772952876579468011e+03 1.032310009002685547e+00
2.772959821175307752e+03 1.018505454063415527e+00
2.772966765770682741e+03 1.001282334327697754e+00
2.772973710366524301e+03 9.964184761047363281e-01
2.772980654961897926e+03 1.011355996131896973e+00
2.772987599557738122e+03 1.016028642654418945e+00
2.772994544153113111e+03 1.012768030166625977e+00
2.773001488748488100e+03 1.016434788703918457e+00
2.773008433343862180e+03 9.983606934547424316e-01
2.773015377939237169e+03 9.437098503112792969e-01
2.773022322534612158e+03 1.040825724601745605e+00
2.773029267129986692e+03 8.869403600692749023e-01
2.773036211724895566e+03 1.041524410247802734e+00
2.773043156320271464e+03 9.984714984893798828e-01
2.773050100915179428e+03 1.038621783256530762e+00
2.773057045510553962e+03 9.499799013137817383e-01
2.773063990105463290e+03 9.736109972000122070e-01
2.773070934700372618e+03 9.828002452850341797e-01
2.773077879295281036e+03 9.632057547569274902e-01
2.773084823890190364e+03 9.545109272003173828e-01
2.773091768485099692e+03 1.007904887199401855e+00
2.773098713080008565e+03 9.513269066810607910e-01
2.773105657674451322e+03 1.050602555274963379e+00
2.773112602269361105e+03 9.540128707885742188e-01
2.773119546864270433e+03 1.017775177955627441e+00
2.773126491458713190e+03 1.019706368446350098e+00
2.773133436053156402e+03 9.446209073066711426e-01
2.773140380647600523e+03 8.806467056274414062e-01
2.773147325242508941e+03 9.800519347190856934e-01
2.773154269836952608e+03 1.066167354583740234e+00
2.773161214431395365e+03 1.032435536384582520e+00
2.773168159025373370e+03 9.590119719505310059e-01
2.773175103619817037e+03 9.942247867584228516e-01
2.773182048214259794e+03 1.036548018455505371e+00
2.773188992808238254e+03 9.978491067886352539e-01
2.773195937402681466e+03 1.048798084259033203e+00
2.773202881996659016e+03 9.707050919532775879e-01
2.773209826590637476e+03 9.808870553970336914e-01
2.773216771185079779e+03 8.928958177566528320e-01
2.773223715779057329e+03 9.970948100090026855e-01
2.773230660373035334e+03 9.336825609207153320e-01
2.773237604966548588e+03 1.012228965759277344e+00
2.773244549560526139e+03 9.407641291618347168e-01
2.773251494154502780e+03 1.034017205238342285e+00
2.773258438748015578e+03 1.057840347290039062e+00
2.773265383341993129e+03 8.556712865829467773e-01
2.773272327935504563e+03 1.073808908462524414e+00
2.773279272529482569e+03 9.353564977645874023e-01
2.773286217122994913e+03 9.336250424385070801e-01
2.773293161716507257e+03 9.343214035034179688e-01
2.773300106310019146e+03 9.624895453453063965e-01
2.773307050903531035e+03 9.769819974899291992e-01
2.773313995497043379e+03 9.658199548721313477e-01
2.773320940090554814e+03 1.005206584930419922e+00
2.773327884683601496e+03 9.124479889869689941e-01
2.773334829277113840e+03 9.908026456832885742e-01
2.773341773870160068e+03 9.075144529342651367e-01
2.773348718463671958e+03 1.004187464714050293e+00
2.773355663056718640e+03 9.851214289665222168e-01
2.773362607649764414e+03 9.407248497009277344e-01
2.773369552242811096e+03 8.951690196990966797e-01
2.773376496835857779e+03 1.053586483001708984e+00
2.773383441428904916e+03 1.012565970420837402e+00
2.773390386021951144e+03 9.541854262351989746e-01
2.773397330614531256e+03 1.016964793205261230e+00
2.773404275207577939e+03 8.847144246101379395e-01
2.773411219800624167e+03 8.977545499801635742e-01
2.773418164393203824e+03 9.557062983512878418e-01
2.773425108985785300e+03 9.581304192543029785e-01
2.773432053578831528e+03 9.294945001602172852e-01
2.773438998171412550e+03 9.921005368232727051e-01
2.773445942763993571e+03 9.823580980300903320e-01
2.773452887356574593e+03 1.015789031982421875e+00
2.773459831949154704e+03 1.028560876846313477e+00
2.773466776541270065e+03 9.399051070213317871e-01
2.773473721133850177e+03 9.747421741485595703e-01
2.773480665726431198e+03 9.780433177947998047e-01
2.773487610318545649e+03 9.460717439651489258e-01
2.773494554910661918e+03 1.048101425170898438e+00
2.773501499503242940e+03 1.083548426628112793e+00
2.773508444095357390e+03 1.018737673759460449e+00
2.773515388687472296e+03 9.613709449768066406e-01
2.773522333279588111e+03 1.025782346725463867e+00
2.773529277871702106e+03 1.027017235755920410e+00
2.773536222463817012e+03 1.030980110168457031e+00
2.773543167055932372e+03 9.370626211166381836e-01
2.773550111647582526e+03 9.897884130477905273e-01
2.773557056239697431e+03 9.874743819236755371e-01
2.773564000831346220e+03 9.621837735176086426e-01
2.773570945423462035e+03 9.955801963806152344e-01
2.773577890015111279e+03 9.243965148925781250e-01
2.773584834606760523e+03 1.072086572647094727e+00
2.773591779198410677e+03 9.286484718322753906e-01
2.773598723790059466e+03 1.061377286911010742e+00
2.773605668381709165e+03 9.964721202850341797e-01
2.773612612973357955e+03 9.724509716033935547e-01
2.773619557565007653e+03 1.053120732307434082e+00
2.773626502156190782e+03 8.450638651847839355e-01
2.773633446747840480e+03 9.419055581092834473e-01
2.773640391339024973e+03 9.707044363021850586e-01
2.773647335930675126e+03 9.918788671493530273e-01
2.773654280521857800e+03 9.647606611251831055e-01
2.773661225113041382e+03 9.552486538887023926e-01
2.773668169704225420e+03 9.669520258903503418e-01
2.773675114295408548e+03 9.540215134620666504e-01
2.773682058886592131e+03 1.008242845535278320e+00
2.773689003477776623e+03 1.034269213676452637e+00
2.773695948068494999e+03 9.738764166831970215e-01
2.773702892659679037e+03 9.534637331962585449e-01
2.773709837250862165e+03 1.035756826400756836e+00
2.773716781841580541e+03 9.669343829154968262e-01
2.773723726432298463e+03 8.988607525825500488e-01
2.773730671023482046e+03 9.971025586128234863e-01
2.773737615614200422e+03 9.668189883232116699e-01
2.773744560204917889e+03 9.262186288833618164e-01
2.773751504795635810e+03 1.008176207542419434e+00
2.773758449386354641e+03 9.555172324180603027e-01
2.773765393976607356e+03 9.984165430068969727e-01
2.773772338567324823e+03 9.422730207443237305e-01
2.773779283158043199e+03 9.705992341041564941e-01
2.773786227748295914e+03 1.073978424072265625e+00
2.773793172339013836e+03 9.227761030197143555e-01
2.773800116929265187e+03 9.090114235877990723e-01
2.773807061519518356e+03 1.004698872566223145e+00
2.773814006109771526e+03 9.607481956481933594e-01
2.773820950700023332e+03 9.183897376060485840e-01
2.773827895290276047e+03 9.436641931533813477e-01
2.773834839880528762e+03 9.475145339965820312e-01
2.773841784470780567e+03 1.039588689804077148e+00
2.773848729061033282e+03 1.007871150970458984e+00
2.773855673650819426e+03 1.023917436599731445e+00
2.773862618241072596e+03 9.630355834960937500e-01
2.773869562830859195e+03 1.093956708908081055e+00
2.773876507421111455e+03 1.104809045791625977e+00
2.773883452010898964e+03 1.043086886405944824e+00
2.773890396600684653e+03 9.672166705131530762e-01
2.773897341190471252e+03 9.571062326431274414e-01
2.773904285780259215e+03 1.034336447715759277e+00
2.773911230370045359e+03 9.540328979492187500e-01
2.773918174959832413e+03 1.043347239494323730e+00
2.773925119549152896e+03 9.871563911437988281e-01
2.773932064138940405e+03 9.693800806999206543e-01
2.773939008728261342e+03 9.811146855354309082e-01
2.773945953318047486e+03 9.823188185691833496e-01
2.773952897907368879e+03 9.979741573333740234e-01
2.773959842496690726e+03 9.881155490875244141e-01
2.773966787086011664e+03 9.742977023124694824e-01
2.773973731675333056e+03 1.013458013534545898e+00
2.773980676264653539e+03 9.487494230270385742e-01
2.773987620853974931e+03 9.392995238304138184e-01
2.773994565443295414e+03 1.010281443595886230e+00
2.774001510032616807e+03 9.813624620437622070e-01
2.774008454621472538e+03 1.012334227561950684e+00
2.774015399210793476e+03 1.062124609947204590e+00
2.774022343799648752e+03 1.039836883544921875e+00
2.774029288388971054e+03 9.468162059783935547e-01
2.774036232977825421e+03 9.930573105812072754e-01
2.774043177566680697e+03 9.512776136398315430e-01
2.774050122155536428e+03 1.044135093688964844e+00
2.774057066744392159e+03 1.031270146369934082e+00
2.774064011333246981e+03 9.972900748252868652e-01
2.774070955922102712e+03 9.785775542259216309e-01
2.774077900510492782e+03 1.040175557136535645e+00
2.774084845099348058e+03 9.526757597923278809e-01
2.774091789687737219e+03 9.986391663551330566e-01
2.774098734276593405e+03 1.005552649497985840e+00
2.774105678864983020e+03 1.021371006965637207e+00
2.774112623453372635e+03 1.061436891555786133e+00
2.774119568041762705e+03 8.826398253440856934e-01
2.774126512630152774e+03 9.541996121406555176e-01
2.774133457218541935e+03 9.789015650749206543e-01
2.774140401806932005e+03 9.281647205352783203e-01
2.774147346395321165e+03 9.691348075866699219e-01
2.774154290983711235e+03 1.060724616050720215e+00
2.774161235571635643e+03 1.024371623992919922e+00
2.774168180160025713e+03 9.644375443458557129e-01
2.774175124747950122e+03 9.547090530395507812e-01
2.774182069336339282e+03 9.483506679534912109e-01
2.774189013924263236e+03 9.948610067367553711e-01
2.774195958512188099e+03 1.017808318138122559e+00
2.774202903100111598e+03 1.047279477119445801e+00
2.774209847688036007e+03 8.986679911613464355e-01
2.774216792275959506e+03 9.986428022384643555e-01
2.774223736863884824e+03 1.012033462524414062e+00
2.774230681451343116e+03 9.975549578666687012e-01
2.774237626039266161e+03 1.018228530883789062e+00
2.774244570626725363e+03 1.102318167686462402e+00
2.774251515214649316e+03 9.787448644638061523e-01
2.774258459802107609e+03 9.533172249794006348e-01
2.774265404389566811e+03 1.003141403198242188e+00
2.774272348977490310e+03 1.011349678039550781e+00
2.774279293564949057e+03 9.575361013412475586e-01
2.774286238152407350e+03 1.079011321067810059e+00
2.774293182739866552e+03 1.055258035659790039e+00
2.774300127326859183e+03 1.032286882400512695e+00
2.774307071914316566e+03 1.014403104782104492e+00
2.774314016501775768e+03 9.887741804122924805e-01
2.774320961088769309e+03 9.594203829765319824e-01
2.774327905676226692e+03 9.546054601669311523e-01
2.774334850263219323e+03 1.001969933509826660e+00
2.774341794850212409e+03 9.881359338760375977e-01
2.774348739437205495e+03 1.037390232086181641e+00
2.774355684024198126e+03 1.002105355262756348e+00
2.774362628611190758e+03 1.042641758918762207e+00
2.774369573198183843e+03 1.093817114830017090e+00
2.774376517785176020e+03 1.062952160835266113e+00
2.774383462372169561e+03 9.955030679702758789e-01
2.774390406959163101e+03 1.059129476547241211e+00
2.774397351545689162e+03 9.224225878715515137e-01
2.774404296132681793e+03 1.014894604682922363e+00
2.774411240719209218e+03 1.041347503662109375e+00
2.774418185305735733e+03 1.044924378395080566e+00
2.774425129892263158e+03 9.812993407249450684e-01
2.774432074478790582e+03 9.924729466438293457e-01
2.774439019065318462e+03 1.065341949462890625e+00
2.774445963651845432e+03 1.012858033180236816e+00
2.774452908238371947e+03 1.021762490272521973e+00
2.774459852824899372e+03 1.037735223770141602e+00
2.774466797411426342e+03 1.013471722602844238e+00
2.774473741997487650e+03 9.777428507804870605e-01
2.774480686584015075e+03 1.012427330017089844e+00
2.774487631170076838e+03 1.032644033432006836e+00
2.774494575756138602e+03 1.021741747856140137e+00
2.774501520342199456e+03 1.055706739425659180e+00
2.774508464928726880e+03 1.047810196876525879e+00
2.774515409514787734e+03 1.114158153533935547e+00
2.774522354100383836e+03 9.692270159721374512e-01
2.774529298686445600e+03 1.033094763755798340e+00
2.774536243272507363e+03 9.344276189804077148e-01
2.774543187858568217e+03 1.033504009246826172e+00
2.774550132444164319e+03 1.012891411781311035e+00
2.774557077030226083e+03 9.987990260124206543e-01
2.774564021615822185e+03 1.067790031433105469e+00
2.774570966201883039e+03 9.980491995811462402e-01
2.774577910787479141e+03 1.027918457984924316e+00
2.774584855373075243e+03 1.068487644195556641e+00
2.774591799958670890e+03 9.809501171112060547e-01
2.774598744544265628e+03 1.069511771202087402e+00
2.774605689129862185e+03 1.083573698997497559e+00
2.774612633715457832e+03 1.012651920318603516e+00
2.774619578300588273e+03 1.019781231880187988e+00
2.774626522886184375e+03 1.053691744804382324e+00
2.774633467471314816e+03 1.038200378417968750e+00
2.774640412056910009e+03 1.051474690437316895e+00
2.774647356642040450e+03 1.010235190391540527e+00
2.774654301227170890e+03 9.576159715652465820e-01
2.774661245812300876e+03 9.895050525665283203e-01
2.774668190397895614e+03 1.057481884956359863e+00
2.774675134982560849e+03 1.097463965415954590e+00
2.774682079567690835e+03 1.003754019737243652e+00
2.774689024152820366e+03 9.924430847167968750e-01
2.774695968737951262e+03 9.308849573135375977e-01
2.774702913322616496e+03 1.024945378303527832e+00
2.774709857907746027e+03 1.086462736129760742e+00
2.774716802492410807e+03 9.669984579086303711e-01
2.774723747077540338e+03 1.106940507888793945e+00
2.774730691662205118e+03 9.933999180793762207e-01
2.774737636246868988e+03 9.393646717071533203e-01
2.774744580831534222e+03 1.120628952980041504e+00
2.774751525416199456e+03 1.044784307479858398e+00
2.774758470000863326e+03 1.015170812606811523e+00
2.774765414585527651e+03 1.013575315475463867e+00
2.774772359170192885e+03 9.832111597061157227e-01
2.774779303754390639e+03 9.699640274047851562e-01
2.774786248339054964e+03 1.075657606124877930e+00
2.774793192923254082e+03 1.100194931030273438e+00
2.774800137507919317e+03 9.358507990837097168e-01
2.774807082092117980e+03 1.048787832260131836e+00
2.774814026676316189e+03 1.052621245384216309e+00
2.774820971260515762e+03 1.124409198760986328e+00
2.774827915845180087e+03 9.683484435081481934e-01
2.783543344479541702e+03 1.004774093627929688e+00
2.783550288994356833e+03 1.022008299827575684e+00
2.783557233508240643e+03 1.052354097366333008e+00
2.783564178022125361e+03 1.008849501609802246e+00
2.783571122535078302e+03 1.053591012954711914e+00
2.783578067048031244e+03 9.842835664749145508e-01
2.783585011560052408e+03 1.019341230392456055e+00
2.783591956072074481e+03 9.995309710502624512e-01
2.783598900583629074e+03 8.946927785873413086e-01
2.783605845094718916e+03 9.639526605606079102e-01
2.783612789605809212e+03 9.285938739776611328e-01
2.783619734115968640e+03 1.061763763427734375e+00
2.783626678625661498e+03 1.013126015663146973e+00
2.783633623135354810e+03 1.039310455322265625e+00
2.783640567644582461e+03 9.838066101074218750e-01
2.783647512153343541e+03 1.099497556686401367e+00
2.783654456661639415e+03 9.823329448699951172e-01
2.783661401169470537e+03 1.050072908401489258e+00
2.783668345677301204e+03 1.108140110969543457e+00
2.783675290184200094e+03 1.004493951797485352e+00
2.783682234691098984e+03 1.005563378334045410e+00
2.783689179197532667e+03 1.030871152877807617e+00
2.783696123703500689e+03 1.074484229087829590e+00
2.783703068209003050e+03 9.844579696655273438e-01
2.783710012714504501e+03 9.659811258316040039e-01
2.783716957219541655e+03 9.949827790260314941e-01
2.783723901724112238e+03 1.065205335617065430e+00
2.783730846228217160e+03 1.028415203094482422e+00
2.783737790732322992e+03 1.053820371627807617e+00
2.783744735235496137e+03 1.049720406532287598e+00
2.783751679738670191e+03 1.063266158103942871e+00
2.783758624241844245e+03 9.670614004135131836e-01
2.783765568744087886e+03 1.122424006462097168e+00
2.783772513246329254e+03 9.802837371826171875e-01
2.783779457748105870e+03 1.002709031105041504e+00
2.783786402249417279e+03 1.027297258377075195e+00
2.783793346750728688e+03 1.016942262649536133e+00
2.783800291251573526e+03 1.030270695686340332e+00
2.783807235751954067e+03 1.025344729423522949e+00
2.783814180251868038e+03 9.571087360382080078e-01
2.783821124751781554e+03 9.343908429145812988e-01
2.783828069251230318e+03 1.024968385696411133e+00
2.783835013750679991e+03 1.050316452980041504e+00
2.783841958249662184e+03 9.740563035011291504e-01
2.783848902748179626e+03 1.086129307746887207e+00
2.783855847246231406e+03 9.911080002784729004e-01
2.783862791744282731e+03 9.657112360000610352e-01
2.783869736241868395e+03 1.015265345573425293e+00
2.783876680739454514e+03 9.940803050994873047e-01
2.783883625236574971e+03 9.843611121177673340e-01
2.783890569733229313e+03 1.001310825347900391e+00
2.783897514229883654e+03 1.077754974365234375e+00
2.783904458726073244e+03 1.011503577232360840e+00
2.783911403221796263e+03 1.015645980834960938e+00
2.783918347717519282e+03 9.362366199493408203e-01
2.783925292212777549e+03 9.440761208534240723e-01
2.783932236708035362e+03 1.003861069679260254e+00
2.783939181202827058e+03 9.877953529357910156e-01
2.783946125697617845e+03 1.018467426300048828e+00
2.783953070191945244e+03 9.972897768020629883e-01
2.783960014685805618e+03 1.003114581108093262e+00
2.783966959179665992e+03 1.018833041191101074e+00
2.783973903673061159e+03 1.035581350326538086e+00
2.783980848166456781e+03 1.059041500091552734e+00
2.783987792659385832e+03 9.997395277023315430e-01
2.783994737151849222e+03 1.028803825378417969e+00
2.784001681644313521e+03 1.018484711647033691e+00
2.784008626136776002e+03 1.015203714370727539e+00
2.784015570628773730e+03 1.015767455101013184e+00
2.784022515120306707e+03 9.938022494316101074e-01
2.784029459611839684e+03 1.013280868530273438e+00
2.784036404102906090e+03 1.007420659065246582e+00
2.784043348593972496e+03 1.009759545326232910e+00
2.784050293085039357e+03 9.918754696846008301e-01
2.784057237575639647e+03 1.034147143363952637e+00
2.784064182065774730e+03 9.884590506553649902e-01
2.784071126555910723e+03 9.403645396232604980e-01
2.784078071045580600e+03 9.505041241645812988e-01
2.784085015535250477e+03 1.008686900138854980e+00
2.784091960024919899e+03 1.080463409423828125e+00
2.784098904514124570e+03 9.870346188545227051e-01
2.784105849002862215e+03 1.054802298545837402e+00
2.784112793492066430e+03 1.084501504898071289e+00
2.784119737980338414e+03 1.056470394134521484e+00
2.784126682468611307e+03 1.079944849014282227e+00
2.784133626956883290e+03 1.046219587326049805e+00
2.784140571444690977e+03 1.019536375999450684e+00
2.784147515932498663e+03 9.927599430084228516e-01
2.784154460420305895e+03 9.403415918350219727e-01
2.784161404907180895e+03 1.043043732643127441e+00
2.784168349394522920e+03 9.795063734054565430e-01
2.784175293881398375e+03 1.010975956916809082e+00
2.784182238368273374e+03 1.044504642486572266e+00
2.784189182854683622e+03 9.380234479904174805e-01
2.784196127341093870e+03 1.067250609397888184e+00
2.784203071827038457e+03 1.021458983421325684e+00
2.784210016312982134e+03 1.003414034843444824e+00
2.784216960798927630e+03 1.040161728858947754e+00
2.784223905284406101e+03 1.025977611541748047e+00
2.784230849769884571e+03 1.026476383209228516e+00
2.784237794255363497e+03 1.023395538330078125e+00
2.784244738740376761e+03 1.034187436103820801e+00
2.784251683224923454e+03 1.016086339950561523e+00
2.784258627709936718e+03 1.037404775619506836e+00
2.784265572194018660e+03 1.004452228546142578e+00
2.784272516678565808e+03 1.012515068054199219e+00
2.784279461162647294e+03 9.876744747161865234e-01
2.784286405646730145e+03 9.484102129936218262e-01
2.784293350130346425e+03 9.854019880294799805e-01
2.784300294613962251e+03 1.010564208030700684e+00
2.784307239097577167e+03 9.154279232025146484e-01
2.784314183580728240e+03 1.067665815353393555e+00
2.784321128063878405e+03 9.724399447441101074e-01
2.784328072547028569e+03 9.635978341102600098e-01
2.784335017029713981e+03 9.994709491729736328e-01
2.784341961512398939e+03 1.027781248092651367e+00
2.784348905995083896e+03 1.035908579826354980e+00
2.784355850477302738e+03 9.508196711540222168e-01
2.784362794959522489e+03 9.916623830795288086e-01
2.784369739441740421e+03 9.844919443130493164e-01
2.784376683923493601e+03 1.059148073196411133e+00
2.784383628405247237e+03 1.047019600868225098e+00
2.784390572887000872e+03 1.015486240386962891e+00
2.784397517368287936e+03 9.783398509025573730e-01
2.784404461849576819e+03 9.932648539543151855e-01
2.784411406330864793e+03 1.001876115798950195e+00
2.784418350811687105e+03 1.028073191642761230e+00
2.784425295292508508e+03 9.425492286682128906e-01
2.784432239773330821e+03 1.011598348617553711e+00
2.784439184253686562e+03 1.049837231636047363e+00
2.784446128734043214e+03 9.449763894081115723e-01
2.784453073214399865e+03 1.012173771858215332e+00
2.784460017694756516e+03 1.030350327491760254e+00
2.784466962174647506e+03 1.003576517105102539e+00
2.784473906654538041e+03 9.848222732543945312e-01
2.784480851133963824e+03 1.060051083564758301e+00
2.784487795613854360e+03 9.858476519584655762e-01
2.784494740093279233e+03 1.034515619277954102e+00
2.784501684572704562e+03 1.007961511611938477e+00
2.784508629051664229e+03 1.029083967208862305e+00
2.784515573530622987e+03 1.015665054321289062e+00
2.784522518009582654e+03 1.039338111877441406e+00
2.784529462488542322e+03 9.355121254920959473e-01
2.784536406967036328e+03 1.018625736236572266e+00
2.784543351445529879e+03 9.564421772956848145e-01
2.784550295924024340e+03 1.027576208114624023e+00
2.784557240402518346e+03 1.019028306007385254e+00
2.784564184880546236e+03 1.022482037544250488e+00
2.784571129358573216e+03 1.022379159927368164e+00
2.784578073836602016e+03 1.026484370231628418e+00
2.784585018314164245e+03 9.737202525138854980e-01
2.784591962792192135e+03 9.918326139450073242e-01
2.784598907269755273e+03 1.015009760856628418e+00
2.784605851746852750e+03 9.909652471542358398e-01
2.784612796224414978e+03 9.711418151855468750e-01
2.784619740701511546e+03 9.818341135978698730e-01
2.784626685178609023e+03 1.031338572502136230e+00
2.784633629655704681e+03 9.837916493415832520e-01
2.784640574132335587e+03 9.414972066879272461e-01
2.784647518608966948e+03 1.018852114677429199e+00
2.784654463085598763e+03 1.020136594772338867e+00
2.784661407562229670e+03 1.010232686996459961e+00
2.784668352038861030e+03 9.519941210746765137e-01
2.784675296515026730e+03 9.304136633872985840e-01
2.784682240991192430e+03 1.058948397636413574e+00
2.784689185467357220e+03 9.936074614524841309e-01
2.784696129943057258e+03 1.019307613372802734e+00
2.784703074419222048e+03 9.966157674789428711e-01
2.784710018894922086e+03 9.636685252189636230e-01
2.784716963370622125e+03 1.037214636802673340e+00
2.784723907845856502e+03 9.712647199630737305e-01
2.784730852321556540e+03 9.483988881111145020e-01
2.784737796796790917e+03 1.037217259407043457e+00
2.784744741272025294e+03 1.004067540168762207e+00
2.784751685747259216e+03 9.514449238777160645e-01
2.784758630222027477e+03 9.840835928916931152e-01
2.784765574696796193e+03 1.000690340995788574e+00
2.784772519172030570e+03 9.405931234359741211e-01
2.784779463646332715e+03 1.001150369644165039e+00
2.784786408121101431e+03 9.662714600563049316e-01
2.784793352595870147e+03 1.039334058761596680e+00
2.784800297070173201e+03 9.329097867012023926e-01
2.784807241544475801e+03 1.024345397949218750e+00
2.784814186018779310e+03 1.063974022865295410e+00
2.784821130492616703e+03 1.006160855293273926e+00
2.784828074966919303e+03 1.024720191955566406e+00
2.784835019440755332e+03 9.250735640525817871e-01
2.784841963914593180e+03 1.006228327751159668e+00
2.784848908387964457e+03 9.999274015426635742e-01
2.784855852861801395e+03 9.923864006996154785e-01
2.784862797335173582e+03 1.065380692481994629e+00
2.784869741809011430e+03 9.925930500030517578e-01
2.784876686281917046e+03 1.028672695159912109e+00
2.784883630755288323e+03 1.014340758323669434e+00
2.784890575228660509e+03 1.016599178314208984e+00
2.784897519701565670e+03 1.003442406654357910e+00
2.784904464174471741e+03 9.505416154861450195e-01
2.784911408647376902e+03 1.033452272415161133e+00
2.784918353120283427e+03 1.043586611747741699e+00
2.784925297593189043e+03 9.545183777809143066e-01
2.784932242065629453e+03 1.090565919876098633e+00
2.784939186538069862e+03 1.025628924369812012e+00
2.784946131010510271e+03 9.976505637168884277e-01
2.784953075482949771e+03 1.082288265228271484e+00
2.784960019955390635e+03 9.481622576713562012e-01
2.784966964427365838e+03 9.167567491531372070e-01
2.784973908899339222e+03 9.815035462379455566e-01
2.784980853371779176e+03 1.013495326042175293e+00
2.784987797843288718e+03 9.671176075935363770e-01
2.784994742315263011e+03 9.612650871276855469e-01
2.785001686787237759e+03 9.898399710655212402e-01
2.785008631258746846e+03 9.879544377326965332e-01
2.785015575730255478e+03 1.045852422714233398e+00
2.785022520201764110e+03 9.791161417961120605e-01
2.785029464673273196e+03 9.045001268386840820e-01
2.785036409144782738e+03 9.759934544563293457e-01
2.785043353615825708e+03 9.566733241081237793e-01
2.785050298086868224e+03 9.377160668373107910e-01
2.785057242558377311e+03 8.940312862396240234e-01
2.785064187028955075e+03 9.804310202598571777e-01
2.785071131499998046e+03 1.034382462501525879e+00
2.785078075971041926e+03 9.868754744529724121e-01
2.785085020441619690e+03 9.544459581375122070e-01
2.785091964912197000e+03 9.914198517799377441e-01
2.785098909383239970e+03 1.023451805114746094e+00
2.785105853853352073e+03 1.013615012168884277e+00
2.785112798323928928e+03 9.664446115493774414e-01
2.785119742794506692e+03 9.999972581863403320e-01
2.785126687264618795e+03 1.000292420387268066e+00
2.785133631734731352e+03 9.912030100822448730e-01
2.785140576204843001e+03 1.080133438110351562e+00
2.785147520674954649e+03 1.064906835556030273e+00
2.785154465145067206e+03 9.841241836547851562e-01
2.785161409615178400e+03 9.948492646217346191e-01
2.785168354084824841e+03 9.750761389732360840e-01
2.785175298554471283e+03 9.938806891441345215e-01
2.785182243024118179e+03 9.858403205871582031e-01
2.785189187493763711e+03 9.739856123924255371e-01
2.785196131963409698e+03 9.341090321540832520e-01
2.785203076433056140e+03 1.026989340782165527e+00
2.785210020902236920e+03 9.153354167938232422e-01
2.785216965371416791e+03 9.544085860252380371e-01
2.785223909841063687e+03 9.576476216316223145e-01
2.785230854310244922e+03 9.633867740631103516e-01
2.785237798778959132e+03 1.021606922149658203e+00
2.785244743248139912e+03 1.014149188995361328e+00
2.785251687716855486e+03 9.504497051239013672e-01
2.785258632186035811e+03 1.053558230400085449e+00
2.785265576654750021e+03 9.955180287361145020e-01
2.785272521123465140e+03 9.502089023590087891e-01
2.785279465592180259e+03 9.396074414253234863e-01
2.785286410060895378e+03 9.105657339096069336e-01
2.785293354529143926e+03 9.776428937911987305e-01
2.785300298997859500e+03 9.929759502410888672e-01
2.785307243466108503e+03 9.762671589851379395e-01
2.785314187934357960e+03 9.357064366340637207e-01
2.785321132402607418e+03 1.068249702453613281e+00
2.785328076870856876e+03 9.946571588516235352e-01
2.785335021339105424e+03 1.049484133720397949e+00
2.785341965806889220e+03 9.811635613441467285e-01
2.785348910274673017e+03 9.135981798171997070e-01
2.785355854742922020e+03 9.549294710159301758e-01
2.785362799210705361e+03 8.953385353088378906e-01
2.785369743678489158e+03 9.569929242134094238e-01
2.785376688145807293e+03 9.838005900382995605e-01
2.785383632613591089e+03 9.818655848503112793e-01
2.785390577081374886e+03 9.632818698883056641e-01
2.785397521548693021e+03 9.472715258598327637e-01
2.785404466016011156e+03 1.000071883201599121e+00
2.785411410483328382e+03 9.716210961341857910e-01
2.785418354950646517e+03 9.695119857788085938e-01
2.785425299417963743e+03 9.628303647041320801e-01
2.785432243885281878e+03 9.318025708198547363e-01
2.785439188352134352e+03 9.559567570686340332e-01
2.785446132818987735e+03 1.007163166999816895e+00
2.785453077286304961e+03 9.085745215415954590e-01
2.785460021753157434e+03 1.019759774208068848e+00
2.785466966220009908e+03 9.843065142631530762e-01
2.785473910686396266e+03 9.579532146453857422e-01
2.785480855153248285e+03 1.031871676445007324e+00
2.785487799620100759e+03 9.779385328292846680e-01
2.785494744086487572e+03 9.394313693046569824e-01
2.785501688552873929e+03 8.618863821029663086e-01
2.785508633019260287e+03 9.634090662002563477e-01
2.785515577485647555e+03 9.706885218620300293e-01
2.785522521952033912e+03 9.371082782745361328e-01
2.785529466418420270e+03 9.135981798171997070e-01
2.785536410884341876e+03 9.669651985168457031e-01
2.785543355350728689e+03 9.904391169548034668e-01
2.785550299816649385e+03 9.804576635360717773e-01
2.785557244282570082e+03 9.316433072090148926e-01
2.785564188748491688e+03 9.346578121185302734e-01
2.785571133214411930e+03 1.005787611007690430e+00
2.785578077680332626e+03 9.913667440414428711e-01
2.785585022145788116e+03 9.877260923385620117e-01
2.785591966611709722e+03 9.814641475677490234e-01
2.785598911077164757e+03 1.010981321334838867e+00
2.785605855542619793e+03 9.604408144950866699e-01
2.785612800008541399e+03 9.792208075523376465e-01
2.785619744473995979e+03 9.809299111366271973e-01
2.785626688938985808e+03 9.978008866310119629e-01
2.785633633404441298e+03 1.009069919586181641e+00
2.785640577869896788e+03 1.067234396934509277e+00
2.785647522334885707e+03 9.417312145233154297e-01
2.785654466799875536e+03 9.352025985717773438e-01
2.785661411264865365e+03 9.796715378761291504e-01
2.785668355729855193e+03 9.972563982009887695e-01
2.785675300194844112e+03 9.272063970565795898e-01
2.785682244659834396e+03 1.036193132400512695e+00
2.785689189124823770e+03 9.677583575248718262e-01
2.785696133589347937e+03 9.654883742332458496e-01
2.785703078054337766e+03 9.442467689514160156e-01
2.785710022518862388e+03 1.010859608650207520e+00
2.785716966983386101e+03 9.495102167129516602e-01
2.785723911447909359e+03 9.303444027900695801e-01
2.785730855912433526e+03 1.010253310203552246e+00
2.785737800376957239e+03 1.017118811607360840e+00
2.785744744841015290e+03 8.717349171638488770e-01
2.785751689305539458e+03 9.114416241645812988e-01
2.785758633769598873e+03 9.446700811386108398e-01
2.785765578233656925e+03 9.559332132339477539e-01
2.785772522698180637e+03 1.099011898040771484e+00
2.785779467162239143e+03 9.447299242019653320e-01
2.785786411625831988e+03 9.363296627998352051e-01
2.785793356089889585e+03 9.613851308822631836e-01
2.785800300553948546e+03 1.004167675971984863e+00
2.785807245017541845e+03 9.237594604492187500e-01
2.785814189481598987e+03 1.007765054702758789e+00
2.785821133945191377e+03 9.609034657478332520e-01
2.785828078408784677e+03 9.750319719314575195e-01
2.785835022872377067e+03 9.367864727973937988e-01
2.785841967335969912e+03 1.013237357139587402e+00
2.785848911799562757e+03 9.751399159431457520e-01
2.785855856262689940e+03 9.948097467422485352e-01
2.785862800726282785e+03 9.301277995109558105e-01
2.785869745189409059e+03 9.889291524887084961e-01
2.785876689653002359e+03 9.642829895019531250e-01
2.785883634116129087e+03 9.765882492065429688e-01
2.785890578579255362e+03 9.976866841316223145e-01
2.785897523042383000e+03 8.847165703773498535e-01
2.785904467505044977e+03 9.599730968475341797e-01
2.785911411968171251e+03 1.006221413612365723e+00
2.785918356431298434e+03 9.167389869689941406e-01
2.785925300893959957e+03 9.207420349121093750e-01
2.785932245356621024e+03 9.975001215934753418e-01
2.785939189819747753e+03 9.859750866889953613e-01
2.785946134282409275e+03 1.000225543975830078e+00
2.785953078745070798e+03 9.577191472053527832e-01
2.785960023207266659e+03 9.315379261970520020e-01
2.785966967669928181e+03 9.986152052879333496e-01
2.785973912132589703e+03 1.000358343124389648e+00
2.785980856594784655e+03 9.717904329299926758e-01
2.785987801057445722e+03 9.348450303077697754e-01
2.785994745519642038e+03 1.034385442733764648e+00
2.786001689981836989e+03 9.426275491714477539e-01
2.786008634444032850e+03 9.444954395294189453e-01
2.786015578906228711e+03 9.575398564338684082e-01
2.786022523368425482e+03 9.873896837234497070e-01
2.786029467830154772e+03 1.028748035430908203e+00
2.786036412292350633e+03 9.631965756416320801e-01
2.786043356754080833e+03 9.749513268470764160e-01
2.786050301215810578e+03 1.017513632774353027e+00
2.786057245678005074e+03 9.407658576965332031e-01
2.786064190139735729e+03 9.512789249420166016e-01
2.786071134601466383e+03 9.555065631866455078e-01
2.786078079062730012e+03 1.014818787574768066e+00
2.786085023524460212e+03 9.533607959747314453e-01
2.786091967986190866e+03 1.011363506317138672e+00
2.786098912447454950e+03 9.863764643669128418e-01
2.786105856909184695e+03 1.010748147964477539e+00
2.786112801370449688e+03 1.011817336082458496e+00
2.786119745831714226e+03 1.007419228553771973e+00
2.786126690292978310e+03 1.015018105506896973e+00
2.786133634754242394e+03 1.024329066276550293e+00
2.786140579215506932e+03 1.018556237220764160e+00
2.786147523676304900e+03 9.116933941841125488e-01
2.786154468137569438e+03 9.974671602249145508e-01
2.786161412598833977e+03 1.017016768455505371e+00
2.786168357059633308e+03 9.120061397552490234e-01
2.786175301520431731e+03 9.774646759033203125e-01
2.786182245981230153e+03 9.601901173591613770e-01
2.786189190442029485e+03 9.719432592391967773e-01
2.786196134902827453e+03 9.701983928680419922e-01
2.786203079363626330e+03 9.439566135406494141e-01
2.786210023824425207e+03 9.984783530235290527e-01
2.786216968284758423e+03 9.741880297660827637e-01
2.786223912745556845e+03 9.936349391937255859e-01
2.786230857205890516e+03 1.047349452972412109e+00
2.786237801666222822e+03 9.469249844551086426e-01
2.786244746126556038e+03 9.553328752517700195e-01
2.786251690586888344e+03 9.894187450408935547e-01
2.786258635047222015e+03 9.833429455757141113e-01
2.786265579507554776e+03 9.603143930435180664e-01
2.786272523967422330e+03 9.415856003761291504e-01
2.786279468427755546e+03 9.436307549476623535e-01
2.786286412887623555e+03 9.509500265121459961e-01
2.786293357347956317e+03 9.687423110008239746e-01
2.786300301807823416e+03 1.006477355957031250e+00
2.786307246267691426e+03 9.777005910873413086e-01
2.786314190727558071e+03 8.948392868041992188e-01
2.786321135187425625e+03 1.027218461036682129e+00
2.786328079647292270e+03 9.772437810897827148e-01
2.786335024106694618e+03 9.205908179283142090e-01
2.786341968566561718e+03 1.019581079483032227e+00
2.786348913025963611e+03 9.807423353195190430e-01
2.786355857485831166e+03 1.020246386528015137e+00
2.786362801945233059e+03 9.248278141021728516e-01
2.786369746404634043e+03 8.995415568351745605e-01
2.786376690864036391e+03 9.393094778060913086e-01
2.786383635323438739e+03 1.096261143684387207e+00
2.786390579782839723e+03 9.538441300392150879e-01
2.786397524241775955e+03 9.637175798416137695e-01
2.786404468701177848e+03 9.795747995376586914e-01
2.786411413160114080e+03 1.007709980010986328e+00
2.786418357619515518e+03 9.983986020088195801e-01
2.786425302078452205e+03 9.633054733276367188e-01
2.786432246537387527e+03 9.575582146644592285e-01
2.786439190996323759e+03 9.328869581222534180e-01
2.786446135455259082e+03 9.533585309982299805e-01
2.786453079914195769e+03 1.027567148208618164e+00
2.786460024372665885e+03 1.034613013267517090e+00
2.786466968831602117e+03 9.770252704620361328e-01
2.786473913290538349e+03 1.058344364166259766e+00
2.786480857749009374e+03 9.596510529518127441e-01
2.786487802207479490e+03 9.774071574211120605e-01
2.786494746665949606e+03 1.028884053230285645e+00
2.786501691124420631e+03 9.862215518951416016e-01
2.786508635582890292e+03 9.746985435485839844e-01
2.786515580041360863e+03 9.675899147987365723e-01
2.786522524499830524e+03 1.009102940559387207e+00
2.786529468957835434e+03 9.363147020339965820e-01
2.786536413416305550e+03 9.370737075805664062e-01
2.786543357874310914e+03 8.940322995185852051e-01
2.786550302332781484e+03 9.454548358917236328e-01
2.786557246790786394e+03 9.796373248100280762e-01
2.786564191248790394e+03 9.720634222030639648e-01
2.786571135706795758e+03 9.721487164497375488e-01
2.786578080164800213e+03 9.933531284332275391e-01
2.786585024622339006e+03 8.984974622726440430e-01
2.786591969080344370e+03 9.945615530014038086e-01
2.786598913538349279e+03 9.803998470306396484e-01
2.786605857995888528e+03 1.034889459609985352e+00
2.786612802453427321e+03 1.026459574699401855e+00
2.786619746911432685e+03 1.008933663368225098e+00
2.786626691368970569e+03 9.591215252876281738e-01
2.786633635826509362e+03 9.625429511070251465e-01
2.786640580284048610e+03 9.619977474212646484e-01
2.786647524741588313e+03 1.022052407264709473e+00
2.786654469198661445e+03 1.005943894386291504e+00
2.786661413656200693e+03 9.348459243774414062e-01
2.786668358113274280e+03 9.616141319274902344e-01
2.786675302570813528e+03 9.871660470962524414e-01
2.786682247027886206e+03 9.703130125999450684e-01
2.786689191484960247e+03 1.013216614723205566e+00
2.786696135942034289e+03 1.041442275047302246e+00
2.786703080399106966e+03 9.488691687583923340e-01
2.786710024856180553e+03 1.035444736480712891e+00
2.786716969313253230e+03 9.631903767585754395e-01
2.786723913769861156e+03 1.033647060394287109e+00
2.786730858226934743e+03 1.043141961097717285e+00
2.786737802683542668e+03 9.372745752334594727e-01
2.786744747140616255e+03 9.348715543746948242e-01
2.786751691597224180e+03 1.131954908370971680e+00
2.786758636053831196e+03 1.055624842643737793e+00
2.786765580510439577e+03 9.604694843292236328e-01
2.786772524967047048e+03 1.021548986434936523e+00
2.786779469423654518e+03 9.258512854576110840e-01
2.786786413880262899e+03 9.509437680244445801e-01
2.786793358336405618e+03 9.225426316261291504e-01
2.786800302793013088e+03 9.603059887886047363e-01
2.786807247249154898e+03 1.044790625572204590e+00
2.786814191705297617e+03 1.015173554420471191e+00
2.786821136161904178e+03 1.005883336067199707e+00
2.786828080618045988e+03 1.038782596588134766e+00
2.786835025074188252e+03 1.024684309959411621e+00
2.786841969530330516e+03 9.832662343978881836e-01
2.786848913986006210e+03 9.751967191696166992e-01
2.786855858442149383e+03 9.572503566741943359e-01
2.786862802898291648e+03 1.004273056983947754e+00
2.786869747353968251e+03 8.856153488159179688e-01
2.786876691809643944e+03 9.431908726692199707e-01
2.786883636265786663e+03 9.511091113090515137e-01
2.786890580721462811e+03 1.019025683403015137e+00
2.786897525177138959e+03 9.356390237808227539e-01
2.786904469632816017e+03 1.017344832420349121e+00
2.786911414088492620e+03 1.093093752861022949e+00
2.786918358543703562e+03 1.031443834304809570e+00
2.786925302999379710e+03 9.683634042739868164e-01
2.786932247455056768e+03 9.266245365142822266e-01
2.786939191910266345e+03 1.032955884933471680e+00
2.786946136365476832e+03 8.888293504714965820e-01
2.786953080821153435e+03 9.491119384765625000e-01
2.786960025276364831e+03 1.000578284263610840e+00
2.786966969731575318e+03 9.538202881813049316e-01
2.786973914186785805e+03 9.995344281196594238e-01
2.786980858641531540e+03 9.976822733879089355e-01
2.786987803096742482e+03 9.837552309036254883e-01
2.786994747551952514e+03 9.857681393623352051e-01
2.787001692006698249e+03 9.714168310165405273e-01
2.787008636461909646e+03 9.964433908462524414e-01
2.787015580916654017e+03 9.611063003540039062e-01
2.787022525371399297e+03 9.462808370590209961e-01
2.787029469826144577e+03 9.748231172561645508e-01
2.787036414280889403e+03 9.752326011657714844e-01
2.787043358735633774e+03 1.019315719604492188e+00
2.787050303190379509e+03 1.043515563011169434e+00
2.787057247645124789e+03 9.710008502006530762e-01
2.787064192099404409e+03 1.013682007789611816e+00
2.787071136554148779e+03 8.935376405715942383e-01
2.787078081008428853e+03 1.021624565124511719e+00
2.787085025463173679e+03 1.008944988250732422e+00
2.787091969917452843e+03 1.028896331787109375e+00
2.787098914371732917e+03 9.514251351356506348e-01
2.787105858826012536e+03 9.618330597877502441e-01
2.787112803280292155e+03 1.000625610351562500e+00
2.787119747734571320e+03 9.606907963752746582e-01
2.787126692188385732e+03 9.570782780647277832e-01
2.787133636642664442e+03 1.000479817390441895e+00
2.787140581096478400e+03 9.999015331268310547e-01
2.787147525550758019e+03 1.000947356224060059e+00
2.787154470004571522e+03 1.003718733787536621e+00
2.787161414458384115e+03 1.005265951156616211e+00
2.787168358912198528e+03 1.043763637542724609e+00
2.787175303366012940e+03 9.691631793975830078e-01
2.787182247819826898e+03 1.055190682411193848e+00
2.787189192273639947e+03 9.415397644042968750e-01
2.787196136727454359e+03 9.747753739356994629e-01
2.787203081180802201e+03 8.879675865173339844e-01
2.787210025634615704e+03 1.047342777252197266e+00
2.787216970087964455e+03 9.697811007499694824e-01
2.787223914541312752e+03 9.687500000000000000e-01
2.787230858995126255e+03 9.657441973686218262e-01
2.787237803448474097e+03 9.992215037345886230e-01
2.787244747901823303e+03 1.016614556312561035e+00
2.787251692355170690e+03 1.008632898330688477e+00
2.787258636808053325e+03 9.922337532043457031e-01
2.787265581261401621e+03 1.064815521240234375e+00
2.787272525714749918e+03 9.879538416862487793e-01
2.787279470167631644e+03 1.039933443069458008e+00
2.787286414620513824e+03 1.054568529129028320e+00
2.787293359073862575e+03 9.693085551261901855e-01
2.787300303526744756e+03 1.019652843475341797e+00
2.787307247979626936e+03 9.534314870834350586e-01
2.787314192432510026e+03 1.011405348777770996e+00
2.787321136885393116e+03 9.934135675430297852e-01
2.787328081338274842e+03 9.061514735221862793e-01
2.787335025790691816e+03 9.968843460083007812e-01
2.787341970243574451e+03 9.858945012092590332e-01
2.787348914695990970e+03 8.888618350028991699e-01
2.787355859148873151e+03 9.612179994583129883e-01
2.787362803601290580e+03 9.477735161781311035e-01
2.787369748053708008e+03 1.002853751182556152e+00
2.787376692506124527e+03 1.035023331642150879e+00
2.787383636958541047e+03 1.027574300765991211e+00
2.787390581410958021e+03 9.787933230400085449e-01
2.787397525863374995e+03 1.039621233940124512e+00
2.787404470315791059e+03 1.030246734619140625e+00
2.787411414767742372e+03 9.061027169227600098e-01
2.787418359220159346e+03 1.023499846458435059e+00
2.787425303672110203e+03 1.028009414672851562e+00
2.787432248124526723e+03 9.897714257240295410e-01
2.787439192576478945e+03 1.021584391593933105e+00
2.787446137028429348e+03 9.669582247734069824e-01
2.787453081480380661e+03 9.895718097686767578e-01
2.787460025932331973e+03 9.176189303398132324e-01
2.787466970384282831e+03 9.131186008453369141e-01
2.787473914835768028e+03 9.683733582496643066e-01
2.787480859287719341e+03 1.021380662918090820e+00
2.787487803739205447e+03 1.033052206039428711e+00
2.787494748191156305e+03 8.859896063804626465e-01
2.787501692642641956e+03 8.648736476898193359e-01
2.787508637094127607e+03 9.477536082267761230e-01
2.787515581546078920e+03 1.037436127662658691e+00
2.787522525997563662e+03 9.623273015022277832e-01
2.787529470449049768e+03 9.541853666305541992e-01
2.787536414900070213e+03 9.888422489166259766e-01
2.787543359351554500e+03 9.778987765312194824e-01
2.787550303803039697e+03 1.035728573799133301e+00
2.787557248254060141e+03 1.097594141960144043e+00
2.787564192705545338e+03 9.498626589775085449e-01
2.787571137156565328e+03 9.920307993888854980e-01
2.787578081607585318e+03 9.856000542640686035e-01
2.787585026058605308e+03 9.957863688468933105e-01
2.787591970509625298e+03 1.008932828903198242e+00
2.787598914960644379e+03 1.068544745445251465e+00
2.787605859411664824e+03 1.011906743049621582e+00
2.787612803862684359e+03 1.077952742576599121e+00
2.787619748313704349e+03 9.952765107154846191e-01
2.787626692764258678e+03 9.749141335487365723e-01
2.787633637215279123e+03 9.718467593193054199e-01
2.787640581665832997e+03 1.019169807434082031e+00
2.787647526116386871e+03 1.132318019866943359e+00
2.787654470566941654e+03 9.865627288818359375e-01
2.787661415017495074e+03 1.004136919975280762e+00
2.787668359468049402e+03 1.048414587974548340e+00
2.787675303918602822e+03 1.026710987091064453e+00
2.787682248369158060e+03 1.116665124893188477e+00
2.787689192819711934e+03 1.028966546058654785e+00
2.787696137269800147e+03 1.077522158622741699e+00
2.787703081720354476e+03 1.070263981819152832e+00
2.787710026170443143e+03 1.026806950569152832e+00
2.787716970620530901e+03 9.709266424179077148e-01
2.787723915071085685e+03 1.093780994415283203e+00
2.787730859521174807e+03 1.035214185714721680e+00
2.787737803971262565e+03 9.752227663993835449e-01
2.787744748421351233e+03 1.045712471008300781e+00
2.787751692870974239e+03 1.043470501899719238e+00
2.787758637321062906e+03 1.002484798431396484e+00
2.787765581771151119e+03 1.067896604537963867e+00
2.787772526220774580e+03 9.556783437728881836e-01
2.787779470670862338e+03 1.176751971244812012e+00
2.787786415120485344e+03 1.006428360939025879e+00
2.787793359570108350e+03 1.008123040199279785e+00
2.787800304019731357e+03 1.031618952751159668e+00
2.787807248469354363e+03 1.030530452728271484e+00
2.787814192918976914e+03 1.023786067962646484e+00
2.787821137368599466e+03 1.036772489547729492e+00
2.787828081818222472e+03 1.052352547645568848e+00
2.787835026267844569e+03 1.029588103294372559e+00
2.787841970717002368e+03 1.072274208068847656e+00
2.787848915166625829e+03 9.839682579040527344e-01
2.787855859615782265e+03 1.060872316360473633e+00
2.787862804064939610e+03 9.839929938316345215e-01
2.787869748514096955e+03 9.870641827583312988e-01
2.787876692963254300e+03 1.032004952430725098e+00
2.787883637412411190e+03 1.009348392486572266e+00
2.787890581861568990e+03 9.322855472564697266e-01
2.787897526310726334e+03 9.795030951499938965e-01
2.787904470759883225e+03 1.036916971206665039e+00
2.787911415208574454e+03 1.030847549438476562e+00
2.787918359657731799e+03 1.057172536849975586e+00
2.787925304106423482e+03 9.997665882110595703e-01
2.787932248555114256e+03 9.739161133766174316e-01
2.787939193004272511e+03 1.039644598960876465e+00
2.787946137452964194e+03 1.063017368316650391e+00
2.787953081901655878e+03 9.947882890701293945e-01
2.787960026350346652e+03 1.004143714904785156e+00
2.787966970798573129e+03 1.083141326904296875e+00
2.787973915247264358e+03 9.866166114807128906e-01
2.787980859695955132e+03 1.067524552345275879e+00
2.787987804144181155e+03 1.051807999610900879e+00
2.787994748592872838e+03 1.030141592025756836e+00
2.788001693041098861e+03 1.034228682518005371e+00
2.788008637489324428e+03 1.091788411140441895e+00
2.788015581938016567e+03 1.058204054832458496e+00
2.788022526386242134e+03 1.071520805358886719e+00
2.788029470834467702e+03 1.076303839683532715e+00
2.788036415282228063e+03 1.022707104682922363e+00
2.788043359730454540e+03 1.050628423690795898e+00
2.788050304178680108e+03 1.000767707824707031e+00
2.788057248626440014e+03 9.959999322891235352e-01
2.788064193074666491e+03 1.029532790184020996e+00
2.788071137522426397e+03 1.025119185447692871e+00
2.788078081970651965e+03 1.065580487251281738e+00
2.788085026418412781e+03 1.032705903053283691e+00
2.788091970866172687e+03 1.011586785316467285e+00
2.788098915313932594e+03 1.047056794166564941e+00
2.788105859761693409e+03 9.544697999954223633e-01
2.788112804209453770e+03 1.080673217773437500e+00
2.788119748656748015e+03 1.013992309570312500e+00
2.788126693104507922e+03 1.024358272552490234e+00
2.788133637551803076e+03 1.066786289215087891e+00
2.788140581999562528e+03 1.025090098381042480e+00
2.788147526446856773e+03 9.429250359535217285e-01
2.788154470894151473e+03 9.768911004066467285e-01
2.788161415341912289e+03 9.933285117149353027e-01
2.788168359789206534e+03 9.970763921737670898e-01
2.788175304236500779e+03 9.185479879379272461e-01
2.788182248683330272e+03 1.033708333969116211e+00
2.788189193130624062e+03 1.062621116638183594e+00
2.788196137577918762e+03 9.969133734703063965e-01
2.788203082024748255e+03 1.005034446716308594e+00
2.788210026472043410e+03 9.793532490730285645e-01
2.788216970918871539e+03 1.033036351203918457e+00
2.788223915366166239e+03 1.034396409988403320e+00
2.788230859812995277e+03 9.788402915000915527e-01
2.788237804259823861e+03 9.750946164131164551e-01
2.788244748706652445e+03 1.018984436988830566e+00
2.788251693153481483e+03 9.077593088150024414e-01
2.788258637600311431e+03 1.059833645820617676e+00
2.788265582046674353e+03 9.960896372795104980e-01
2.788272526493502937e+03 9.551001191139221191e-01
2.788279470940331976e+03 1.005909204483032227e+00
2.788286415386695353e+03 9.981588125228881836e-01
2.788293359833057821e+03 8.841935396194458008e-01
2.788300304279887314e+03 9.658474922180175781e-01
2.788307248726251146e+03 1.033539891242980957e+00
2.788314193172613614e+03 1.098077774047851562e+00
2.788321137618976991e+03 1.001785039901733398e+00
2.788328082065340368e+03 9.914431571960449219e-01
2.788335026511702836e+03 1.024954438209533691e+00
2.788341970957600552e+03 9.848080873489379883e-01
2.788348915403963929e+03 9.254714846611022949e-01
2.788355859849861190e+03 1.041153669357299805e+00
2.788362804296224112e+03 1.048585653305053711e+00
2.788369748742121828e+03 1.062104225158691406e+00
2.788376693188019999e+03 1.020868659019470215e+00
2.788383637633917260e+03 1.033109068870544434e+00
2.788390582079814976e+03 9.792276620864868164e-01
2.788397526525712692e+03 1.043389439582824707e+00
2.788404470971610408e+03 1.058205008506774902e+00
2.788411415417507214e+03 1.134660840034484863e+00
2.788418359863405385e+03 1.089528560638427734e+00
2.788425304308837894e+03 1.022929191589355469e+00
2.788432248754734701e+03 9.716038107872009277e-01
2.788439193200166756e+03 1.053471684455871582e+00
2.788446137645598810e+03 9.853130578994750977e-01
2.788453082091496526e+03 1.038367629051208496e+00
2.788460026536928126e+03 1.073097944259643555e+00
2.788466970982360635e+03 9.486731886863708496e-01
2.788473915427792690e+03 1.067159175872802734e+00
2.788480859872758629e+03 1.096055507659912109e+00
2.788487804318190229e+03 1.063433170318603516e+00
2.788494748763622283e+03 9.961644411087036133e-01
2.788501693208588676e+03 1.067331790924072266e+00
2.788508637654019822e+03 1.035096287727355957e+00
2.788515582098987124e+03 1.112520456314086914e+00
2.788522526543953518e+03 1.045725345611572266e+00
2.788529470989384663e+03 9.642835259437561035e-01
2.788536415434350602e+03 1.008491635322570801e+00
2.788543359879317450e+03 1.030043005943298340e+00
2.788550304323817272e+03 1.064579010009765625e+00
2.788557248768783666e+03 1.053099513053894043e+00
2.788564193213750059e+03 1.062951445579528809e+00
2.788571137658716452e+03 9.719579815864562988e-01
2.788578082103217184e+03 1.020239472389221191e+00
2.788585026548183578e+03 9.571031332015991211e-01
2.788591970992684310e+03 1.013786435127258301e+00
2.788598915437184587e+03 1.048000931739807129e+00
2.788605859881684864e+03 1.060642242431640625e+00
2.788612804326185596e+03 1.068912148475646973e+00
2.788619748770686783e+03 1.075271844863891602e+00
2.788626693215187061e+03 1.144623994827270508e+00
2.788633637659687338e+03 1.036189913749694824e+00
2.788640582104188525e+03 1.048727154731750488e+00
2.788647526548223595e+03 1.104642152786254883e+00
2.788654470992723418e+03 9.832245111465454102e-01
2.788661415436758944e+03 1.111755609512329102e+00
2.788668359880793560e+03 1.007208108901977539e+00
2.788675304325293837e+03 1.079940199851989746e+00
2.788682248769329362e+03 1.134311079978942871e+00
2.788689193213364433e+03 1.122807860374450684e+00
2.788696137657399049e+03 1.055134773254394531e+00
2.788703082101433665e+03 1.037064790725708008e+00
2.788710026545003984e+03 1.056025266647338867e+00
2.788716970989038145e+03 9.691620469093322754e-01
2.788723915433073216e+03 9.864282608032226562e-01
2.788730859876642626e+03 9.899584650993347168e-01
2.788737804320212035e+03 1.047557711601257324e+00
2.788744748764247106e+03 9.892919659614562988e-01
2.788751693207815606e+03 1.003272652626037598e+00
2.788758637651385470e+03 9.802091121673583984e-01
2.788765582094954425e+03 1.051583766937255859e+00
2.788772526538522925e+03 9.942789673805236816e-01
2.788779470982092789e+03 9.866583347320556641e-01
2.788786415425662653e+03 1.059879779815673828e+00
2.788793359868765492e+03 1.091575145721435547e+00
2.788800304312334902e+03 1.018767237663269043e+00
2.788807248755438650e+03 1.035261034965515137e+00
2.788814193199007605e+03 1.043180704116821289e+00
2.788821137642110898e+03 9.902209639549255371e-01
2.788828082085214646e+03 1.014587402343750000e+00
2.788835026528319304e+03 1.094814538955688477e+00
2.788841970971422597e+03 1.109848618507385254e+00
2.788848915414525891e+03 9.211045503616333008e-01
2.788855859857629639e+03 9.718911647796630859e-01
2.788862804300733387e+03 1.016745686531066895e+00
2.788869748743370565e+03 9.629385471343994141e-01
2.788876693186474768e+03 1.106027722358703613e+00
2.788883637629113309e+03 1.023931980133056641e+00
2.788890582072216148e+03 1.104954838752746582e+00
2.788897526514854235e+03 1.095873475074768066e+00
2.788904470957492777e+03 1.056768894195556641e+00
2.788911415400130409e+03 1.057692766189575195e+00
2.788918359842768041e+03 1.036105751991271973e+00
2.788925304285406582e+03 1.054983854293823242e+00
2.788932248728044669e+03 1.015258669853210449e+00
2.788939193170682302e+03 1.018947124481201172e+00
2.788946137613319934e+03 9.997199773788452148e-01
2.788953082055492359e+03 9.930202364921569824e-01
2.788960026498130446e+03 9.523189067840576172e-01
2.788966970940302872e+03 1.039557337760925293e+00
2.788973915382475298e+03 1.083884000778198242e+00
2.788980859824647268e+03 1.068672060966491699e+00
2.788987804266819239e+03 1.027295112609863281e+00
2.788994748708991665e+03 1.025548577308654785e+00
2.789001693151164545e+03 9.640635251998901367e-01
2.789008637593336516e+03 1.015090823173522949e+00
2.789015582035508487e+03 1.033804535865783691e+00
2.789022526477681367e+03 1.007853269577026367e+00
2.789029470919388132e+03 1.090037822723388672e+00
2.789036415361559648e+03 1.029028058052062988e+00
2.789043359803266867e+03 1.019120216369628906e+00
2.789050304244974086e+03 1.126552581787109375e+00
2.789057248686679486e+03 1.059554457664489746e+00
2.789064193128851457e+03 1.077232837677001953e+00
2.789071137570558221e+03 9.807326793670654297e-01
2.789078082012264986e+03 9.574589729309082031e-01
2.789085026453505179e+03 9.402865767478942871e-01
2.789091970895212853e+03 9.349357485771179199e-01
2.789098915336919617e+03 9.829887747764587402e-01
2.789105859778160720e+03 9.739317893981933594e-01
2.789112804219866575e+03 1.026035785675048828e+00
2.789119748661108133e+03 1.013165473937988281e+00
2.789126693102348781e+03 1.006704807281494141e+00
2.789133637544055091e+03 1.030553221702575684e+00
2.789140581985296649e+03 1.058335542678833008e+00
2.789147526426537752e+03 1.020961880683898926e+00
2.789154470867778855e+03 9.884378314018249512e-01
2.789161415309019503e+03 1.015403985977172852e+00
2.789168359749795400e+03 9.837154150009155273e-01
2.789175304191035593e+03 9.821003675460815430e-01
2.789182248632276696e+03 1.055341958999633789e+00
2.789189193073052138e+03 9.970942735671997070e-01
2.789196137513827580e+03 1.055995106697082520e+00
2.789203081955068683e+03 9.908903837203979492e-01
2.789210026395843215e+03 1.003863811492919922e+00
2.789216970836619566e+03 9.874637126922607422e-01
2.789223915277394553e+03 1.056295871734619141e+00
2.789230859718169540e+03 1.065175652503967285e+00
2.789237804158944982e+03 1.070589542388916016e+00
2.789244748599720879e+03 1.006528019905090332e+00
2.789251693040030204e+03 9.129428267478942871e-01
2.789258637480805191e+03 1.028082251548767090e+00
2.789265581921115427e+03 1.000682234764099121e+00
2.789272526361889959e+03 1.052166223526000977e+00
2.789279470802199739e+03 9.560420513153076172e-01
2.789286415242509975e+03 1.026365995407104492e+00
2.789293359683284962e+03 1.026648402214050293e+00
2.789300304123594287e+03 1.130873560905456543e+00
2.789307248563904523e+03 9.714223146438598633e-01
2.789314193003748642e+03 9.356135129928588867e-01
2.789321137444057968e+03 1.078350663185119629e+00
2.789328081884367293e+03 8.380928635597229004e-01
2.789335026324677074e+03 9.729911088943481445e-01
2.789341970764521193e+03 9.883617758750915527e-01
2.789348915204830973e+03 9.958465695381164551e-01
2.789355859644675093e+03 1.017204523086547852e+00
2.789362804084519212e+03 1.063875913619995117e+00
2.789369748524363331e+03 1.022420525550842285e+00
2.789376692964206541e+03 9.459887146949768066e-01
2.789383637404051115e+03 9.421895742416381836e-01
2.789390581843894779e+03 1.028039455413818359e+00
2.789397526283738443e+03 1.066168427467346191e+00
2.789404470723583017e+03 9.596711397171020508e-01
2.789411415162961930e+03 9.827077388763427734e-01
2.789418359602805594e+03 1.056310296058654785e+00
2.789425304042183598e+03 1.030334472656250000e+00
2.789432248482028172e+03 1.091539502143859863e+00
2.789439192921405720e+03 1.074981927871704102e+00
2.789446137360784178e+03 9.656449556350708008e-01
2.789453081800162636e+03 1.072492480278015137e+00
2.789460026239541094e+03 1.015382051467895508e+00
2.789466970678918642e+03 1.098093509674072266e+00
2.789473915118297100e+03 1.037221074104309082e+00
2.789480859557675558e+03 9.273946285247802734e-01
2.789487803997054016e+03 8.749122023582458496e-01
2.789494748435965903e+03 1.036630272865295410e+00
2.789501692875344816e+03 9.246286749839782715e-01
2.789508637314258067e+03 1.032289743423461914e+00
2.789515581753169954e+03 9.841514229774475098e-01
2.789522526192548412e+03 1.034319162368774414e+00
2.789529470631461209e+03 9.835379719734191895e-01
2.789536415070374005e+03 1.031167387962341309e+00
2.789543359509286347e+03 1.049066543579101562e+00
2.789550303948199598e+03 9.254806041717529297e-01
2.789557248386646734e+03 9.818605780601501465e-01
2.789564192825559076e+03 1.073245167732238770e+00
2.789571137264471417e+03 9.781898260116577148e-01
2.789578081702918553e+03 1.005220770835876465e+00
2.789585026141831349e+03 9.829129576683044434e-01
2.789591970580277575e+03 9.530789852142333984e-01
2.789598915018725620e+03 9.387605190277099609e-01
2.789605859457637962e+03 9.605430960655212402e-01
2.789612803896084642e+03 9.358809590339660645e-01
2.789619748334531778e+03 9.805158972740173340e-01
2.789626692772979368e+03 1.103038668632507324e+00
2.789633637210960387e+03 1.031300902366638184e+00
2.789640581649407068e+03 1.020661711692810059e+00
2.789647526087854658e+03 9.892027378082275391e-01
2.789654470525835222e+03 9.894889593124389648e-01
2.789661414964282358e+03 9.696676731109619141e-01
2.789668359402264286e+03 9.397540688514709473e-01
2.789675303840711877e+03 9.879922270774841309e-01
2.789682248278692441e+03 9.379491209983825684e-01
2.789689192716673915e+03 1.067375421524047852e+00
2.789696137154655389e+03 1.018310904502868652e+00
2.794716957818399806e+03 9.253393411636352539e-01
2.794723902240549251e+03 1.097755432128906250e+00
2.794730846662697786e+03 9.897890090942382812e-01
2.794737791084846322e+03 1.037975549697875977e+00
2.794744735506996221e+03 9.621527791023254395e-01
2.794751679929144757e+03 9.587018489837646484e-01
2.794758624351293292e+03 1.028181910514831543e+00
2.794765568773442737e+03 9.343412518501281738e-01
2.794772513196057389e+03 9.635412096977233887e-01
2.794779457618205470e+03 9.234816431999206543e-01
2.794786402040354915e+03 9.986625909805297852e-01
2.794793346462504360e+03 1.032660722732543945e+00
2.794800290884652441e+03 9.991243481636047363e-01
2.794807235307267547e+03 9.265788197517395020e-01
2.794814179729416992e+03 9.622001647949218750e-01
2.794821124151565073e+03 1.012611031532287598e+00
2.794828068574179724e+03 1.024874210357666016e+00
2.794835012996329169e+03 1.038032174110412598e+00
2.794841957418944276e+03 1.074739456176757812e+00
2.794848901841092356e+03 1.110262036323547363e+00
2.794855846263707008e+03 1.081302642822265625e+00
2.794862790685855998e+03 1.054237008094787598e+00
2.794869735108470650e+03 9.836799502372741699e-01
2.794876679531085301e+03 1.062045693397521973e+00
2.794883623953234292e+03 9.487940669059753418e-01
2.794890568375849853e+03 1.005796670913696289e+00
2.794897512798463595e+03 9.363596439361572266e-01
2.794904457220612585e+03 9.931927919387817383e-01
2.794911401643227236e+03 9.822564721107482910e-01
2.794918346065841433e+03 9.687747359275817871e-01
2.794925290488455630e+03 1.007655620574951172e+00
2.794932234911071191e+03 1.004381656646728516e+00
2.794939179333685843e+03 1.035658240318298340e+00
2.794946123756300494e+03 1.040267825126647949e+00
2.794953068178914691e+03 1.010362505912780762e+00
2.794960012601529797e+03 1.061388254165649414e+00
2.794966957024143994e+03 9.616741538047790527e-01
2.794973901446758191e+03 1.008508086204528809e+00
2.794980845869839413e+03 1.036354184150695801e+00
2.794987790292454065e+03 1.038450837135314941e+00
2.794994734715068716e+03 9.854635000228881836e-01
2.795001679137682459e+03 1.025911331176757812e+00
2.795008623560763681e+03 9.323284626007080078e-01
2.795015567983377878e+03 9.152168035507202148e-01
2.795022512406457736e+03 1.004902720451354980e+00
2.795029456829072387e+03 9.473088383674621582e-01
2.795036401251687494e+03 1.005692839622497559e+00
2.795043345674768261e+03 1.040277361869812012e+00
2.795050290097847665e+03 9.689786434173583984e-01
2.795057234520462771e+03 1.053188204765319824e+00
2.795064178943542629e+03 9.743610620498657227e-01
2.795071123366622487e+03 1.014258384704589844e+00
2.795078067789237593e+03 1.017073750495910645e+00
2.795085012212317906e+03 9.790419340133666992e-01
2.795091956635397310e+03 9.729188680648803711e-01
2.795098901058478077e+03 1.001567482948303223e+00
2.795105845481559300e+03 1.002944350242614746e+00
2.795112789904173496e+03 9.742810130119323730e-01
2.795119734327253354e+03 1.053829669952392578e+00
2.795126678750334122e+03 1.055298447608947754e+00
2.795133623173413525e+03 9.963762164115905762e-01
2.795140567596959499e+03 1.028972148895263672e+00
2.795147512020040267e+03 9.640629887580871582e-01
2.795154456443121489e+03 1.034416913986206055e+00
2.795161400866201348e+03 9.876431822776794434e-01
2.795168345289281206e+03 9.840546250343322754e-01
2.795175289712361973e+03 9.252893924713134766e-01
2.795182234135907038e+03 9.749621152877807617e-01
2.795189178558987351e+03 1.053550958633422852e+00
2.795196122982067664e+03 1.022094726562500000e+00
2.795203067405614547e+03 9.452522993087768555e-01
2.795210011828693951e+03 1.016748309135437012e+00
2.795216956252240379e+03 1.077414631843566895e+00
2.795223900675321147e+03 1.077744007110595703e+00
2.795230845098866212e+03 1.000002861022949219e+00
2.795237789521946524e+03 9.865257143974304199e-01
2.795244733945492499e+03 1.094466209411621094e+00
2.795251678369038473e+03 1.100626349449157715e+00
2.795258622792118786e+03 1.027604699134826660e+00
2.795265567215664305e+03 9.668096899986267090e-01
2.795272511639210734e+03 1.056374073028564453e+00
2.795279456062756708e+03 9.855953454971313477e-01
2.795286400485837021e+03 1.030316591262817383e+00
2.795293344909382995e+03 9.608410596847534180e-01
2.795300289332928969e+03 1.027424573898315430e+00
2.795307233756474943e+03 1.025128245353698730e+00
2.795314178180020008e+03 1.075390338897705078e+00
2.795321122603566891e+03 1.010305166244506836e+00
2.795328067027112866e+03 1.027835965156555176e+00
2.795335011450658840e+03 9.600930809974670410e-01
2.795341955874204814e+03 9.531234502792358398e-01
2.795348900297750788e+03 9.976425170898437500e-01
2.795355844721296762e+03 1.021270751953125000e+00
2.795362789145307488e+03 9.864503741264343262e-01
2.795369733568853917e+03 1.041276454925537109e+00
2.795376677992399436e+03 9.921030998229980469e-01
2.795383622415945410e+03 1.014134645462036133e+00
2.795390566839492294e+03 1.027391552925109863e+00
2.795397511263503475e+03 1.025097727775573730e+00
2.795404455687048994e+03 9.534098505973815918e-01
2.795411400110594968e+03 9.866454005241394043e-01
2.795418344534607058e+03 9.864344000816345215e-01
2.795425288958152578e+03 9.710776805877685547e-01
2.795432233381698097e+03 9.859284162521362305e-01
2.795439177805710642e+03 1.031133770942687988e+00
2.795446122229256162e+03 9.766622185707092285e-01
2.795453066652802136e+03 1.033201336860656738e+00
2.795460011076813771e+03 9.936900138854980469e-01
2.795466955500360200e+03 1.022549510002136230e+00
2.795473899924371381e+03 9.324061870574951172e-01
2.795480844347916900e+03 9.964932799339294434e-01
2.795487788771929445e+03 9.659045934677124023e-01
2.795494733195474964e+03 1.023897528648376465e+00
2.795501677619486145e+03 1.021972656250000000e+00
2.795508622043032574e+03 1.058010816574096680e+00
2.795515566467044664e+03 1.014141678810119629e+00
2.795522510890590183e+03 1.041052103042602539e+00
2.795529455314601364e+03 9.417816996574401855e-01
2.795536399738147793e+03 1.023961305618286133e+00
2.795543344162158519e+03 1.013785362243652344e+00
2.795550288585704948e+03 1.064784646034240723e+00
2.795557233009717038e+03 9.863240718841552734e-01
2.795564177433263012e+03 1.011463284492492676e+00
2.795571121857274647e+03 9.516741037368774414e-01
2.795578066280820167e+03 9.996351599693298340e-01
2.795585010704832257e+03 1.016054034233093262e+00
2.795591955128377322e+03 1.023220062255859375e+00
2.795598899552389412e+03 9.969879984855651855e-01
2.795605843975935841e+03 9.971722960472106934e-01
2.795612788399947476e+03 9.869620203971862793e-01
2.795619732823492996e+03 9.737031459808349609e-01
2.795626677247038515e+03 1.014659523963928223e+00
2.795633621671050605e+03 1.023496866226196289e+00
2.795640566094596124e+03 9.971532225608825684e-01
2.795647510518142553e+03 1.057944655418395996e+00
2.795654454942154644e+03 1.019211649894714355e+00
2.795661399365699708e+03 9.942957758903503418e-01
2.795668343789245682e+03 1.002159476280212402e+00
2.795675288212791656e+03 1.039065718650817871e+00
2.795682232636337631e+03 1.041862010955810547e+00
2.795689177060349266e+03 1.052487254142761230e+00
2.795696121483895240e+03 9.839189648628234863e-01
2.795703065907442124e+03 1.031726717948913574e+00
2.795710010330987188e+03 9.825893640518188477e-01
2.795716954754067501e+03 9.829005002975463867e-01
2.795723899177613475e+03 1.050184369087219238e+00
2.795730843601159449e+03 1.121202707290649414e+00
2.795737788024705424e+03 1.080974698066711426e+00
2.795744732447785736e+03 1.089866876602172852e+00
2.795751676871331711e+03 9.273768067359924316e-01
2.795758621294877685e+03 1.034053444862365723e+00
2.795765565717957998e+03 9.622120261192321777e-01
2.795772510141038310e+03 1.015484094619750977e+00
2.795779454564584285e+03 1.001454234123229980e+00
2.795786398987664597e+03 1.034885644912719727e+00
2.795793343410744001e+03 1.039107918739318848e+00
2.795800287833824768e+03 1.051414251327514648e+00
2.795807232256905536e+03 8.924421072006225586e-01
2.795814176679984939e+03 1.026351451873779297e+00
2.795821121103066162e+03 1.069303154945373535e+00
2.795828065525680813e+03 1.028490185737609863e+00
2.795835009948761126e+03 9.418402910232543945e-01
2.795841954371374868e+03 1.030530452728271484e+00
2.795848898794455636e+03 1.005921125411987305e+00
2.795855843217070742e+03 1.074776172637939453e+00
2.795862787639684484e+03 1.089958667755126953e+00
2.795869732062299590e+03 1.010101318359375000e+00
2.795876676484914697e+03 9.978482723236083984e-01
2.795883620907063232e+03 1.026772737503051758e+00
2.795890565329677429e+03 1.048089981079101562e+00
2.795897509751826874e+03 9.993340969085693359e-01
2.795904454173976319e+03 1.041785478591918945e+00
2.795911398596124400e+03 9.621704816818237305e-01
2.795918343018273845e+03 1.067249774932861328e+00
2.795925287440423290e+03 9.983093142509460449e-01
2.795932231862571371e+03 1.031242609024047852e+00
2.795939176284254700e+03 1.047737121582031250e+00
2.795946120705938029e+03 1.020566463470458984e+00
2.795953065127622267e+03 1.065011739730834961e+00
2.795960009549304687e+03 1.052586555480957031e+00
2.795966953970988470e+03 1.019285440444946289e+00
2.795973898392205683e+03 9.456311464309692383e-01
2.795980842813888557e+03 1.013218641281127930e+00
2.795987787235106680e+03 9.659785032272338867e-01
2.795994731655858686e+03 9.606348872184753418e-01
2.796001676077076354e+03 1.004115700721740723e+00
2.796008620497828360e+03 9.547033309936523438e-01
2.796015564919046483e+03 9.804629087448120117e-01
2.796022509339332373e+03 1.063344478607177734e+00
2.796029453760083925e+03 9.828069210052490234e-01
2.796036398180370725e+03 1.011333465576171875e+00
2.796043342601122731e+03 1.104199767112731934e+00
2.796050287020943415e+03 1.050480008125305176e+00
2.796057231441229760e+03 1.009574055671691895e+00
2.796064175861050444e+03 1.056216597557067871e+00
2.796071120280871128e+03 9.765085577964782715e-01
2.796078064700691357e+03 9.848812222480773926e-01
2.796085009120512495e+03 9.904706478118896484e-01
2.796091953539867518e+03 1.055837273597717285e+00
2.796098897958756879e+03 1.083542585372924805e+00
2.796105842378111902e+03 1.008819937705993652e+00
2.796112786797001263e+03 1.068399906158447266e+00
2.796119731215890170e+03 1.009885668754577637e+00
2.796126675634313415e+03 9.930700659751892090e-01
