1.325323961590699810e+03 9.896456599235534668e-01
1.325344794829924240e+03 9.940260052680969238e-01
1.325365628069871036e+03 9.884840846061706543e-01
1.325386461310573395e+03 9.978864789009094238e-01
1.325407294552051326e+03 9.937363266944885254e-01
1.325428127794308693e+03 9.869585037231445312e-01
1.325448961037335494e+03 9.963495731353759766e-01
1.325469794281106260e+03 1.003193259239196777e+00
1.325490627525583022e+03 9.936693906784057617e-01
1.325511460770714848e+03 9.959796667098999023e-01
1.325532294016440119e+03 9.970111250877380371e-01
1.325553127262681755e+03 1.001484394073486328e+00
1.325573960509356993e+03 9.996566176414489746e-01
1.325594793756372383e+03 9.929395318031311035e-01
1.325615627003627651e+03 9.983860254287719727e-01
1.325636460251018889e+03 9.897511005401611328e-01
1.325657293498437639e+03 9.970531463623046875e-01
1.325678126745775216e+03 9.950523376464843750e-01
1.325698959992920891e+03 1.001033306121826172e+00
1.325719793239768933e+03 9.907901287078857422e-01
1.325740626486216343e+03 9.956278204917907715e-01
1.325761459732167395e+03 1.000169634819030762e+00
1.325782292977531824e+03 9.860500693321228027e-01
1.325803126222230503e+03 9.957625269889831543e-01
1.325823959466194765e+03 9.894312620162963867e-01
1.325844792709364810e+03 9.879591464996337891e-01
1.325865625951696757e+03 9.927366971969604492e-01
1.325886459193158544e+03 9.853343963623046875e-01
1.325907292433732664e+03 9.986215829849243164e-01
1.325928125673417753e+03 9.936472177505493164e-01
1.325948958912223134e+03 1.011060595512390137e+00
1.325990625387308455e+03 9.927010536193847656e-01
1.326011458623680028e+03 9.915145635604858398e-01
1.326032291859353791e+03 9.889752268791198730e-01
1.326053125094404095e+03 9.982888698577880859e-01
1.326073958328915751e+03 9.986286163330078125e-01
1.326094791562981754e+03 1.003981471061706543e+00
1.326115624796702150e+03 1.004148960113525391e+00
1.326136458030183348e+03 9.964093565940856934e-01
1.326157291263533125e+03 9.966648221015930176e-01
1.326178124496861301e+03 9.977287650108337402e-01
1.326198957730275197e+03 1.006039261817932129e+00
1.326219790963882133e+03 9.978912472724914551e-01
1.326240624197784882e+03 9.974807500839233398e-01
1.326261457432078259e+03 1.000227332115173340e+00
1.326282290666853669e+03 9.933944940567016602e-01
1.326303123902187735e+03 9.995354413986206055e-01
1.326323957138150035e+03 9.908980131149291992e-01
1.326365623612171930e+03 9.994662404060363770e-01
1.326386456850309060e+03 9.970722198486328125e-01
1.326407290089222442e+03 9.910069108009338379e-01
1.326428123328914353e+03 1.005929946899414062e+00
1.326448956569373195e+03 9.927092790603637695e-01
1.326469789810573275e+03 9.962404370307922363e-01
1.326490623052473893e+03 1.004944443702697754e+00
1.326511456295023208e+03 9.924070239067077637e-01
1.326532289538157102e+03 9.888857603073120117e-01
1.326553122781796901e+03 9.877988100051879883e-01
1.326573956025859388e+03 9.864419698715209961e-01
1.326594789270248839e+03 9.945065379142761230e-01
1.326615622514865890e+03 9.916990995407104492e-01
1.326636455759605951e+03 9.905774593353271484e-01
1.326657289004359654e+03 9.979990124702453613e-01
1.326698955493469839e+03 9.989765286445617676e-01
1.326740621981340837e+03 9.953760504722595215e-01
1.326761455224562042e+03 9.980161190032958984e-01
1.326782288467186845e+03 9.966949820518493652e-01
1.326803121709134984e+03 1.004117131233215332e+00
1.326823954950340749e+03 1.004333138465881348e+00
1.326844788190746840e+03 9.989472627639770508e-01
1.326865621430310966e+03 9.997174143791198730e-01
1.326886454669003797e+03 9.857183694839477539e-01
1.326907287906807142e+03 1.002804160118103027e+00
1.326928121143721000e+03 1.011749386787414551e+00
1.326948954379757652e+03 1.004786372184753418e+00
1.326969787614945972e+03 9.962584376335144043e-01
1.326990620849326660e+03 1.008378386497497559e+00
1.327011454082952014e+03 1.004983425140380859e+00
1.327032287315887743e+03 1.006261706352233887e+00
1.327053120548210927e+03 1.001488089561462402e+00
1.327073953780008196e+03 9.983628988265991211e-01
1.327094787011373228e+03 9.998586177825927734e-01
1.327178119934594633e+03 9.941085577011108398e-01
1.327198953165380544e+03 9.993340969085693359e-01
1.327219786396375866e+03 1.010653853416442871e+00
1.327240619627679052e+03 9.994443655014038086e-01
1.327261452859385372e+03 9.991794824600219727e-01
1.327282286091583273e+03 1.004896521568298340e+00
1.327303119324351201e+03 1.005761384963989258e+00
1.327323952557756229e+03 1.010250687599182129e+00
1.327344785791853610e+03 9.997913837432861328e-01
1.327365619026686545e+03 1.000922679901123047e+00
1.327386452262281409e+03 9.979693889617919922e-01
1.327407285498655028e+03 1.008605718612670898e+00
1.327428118735807402e+03 9.948775768280029297e-01
1.327448951973724434e+03 1.008408665657043457e+00
1.327469785212379520e+03 1.004491806030273438e+00
1.327490618451730143e+03 1.005688905715942383e+00
1.327511451691720140e+03 1.006520390510559082e+00
1.327532284932285393e+03 1.004594922065734863e+00
1.327553118173347912e+03 1.015354037284851074e+00
1.327573951414821522e+03 9.980956912040710449e-01
1.327594784656610727e+03 1.005964159965515137e+00
1.327615617898613664e+03 9.969317913055419922e-01
1.327636451140725512e+03 9.976629614830017090e-01
1.327657284382837361e+03 1.000165224075317383e+00
1.327678117624839615e+03 1.009572029113769531e+00
1.327698950866624045e+03 1.013646960258483887e+00
1.327719784108085150e+03 1.007408857345581055e+00
1.327740617349119020e+03 9.917746782302856445e-01
1.327761450589633569e+03 9.916152358055114746e-01
1.327803117068765005e+03 1.006722569465637207e+00
1.327823950307238192e+03 1.000536561012268066e+00
1.327865616781727795e+03 1.006456732749938965e+00
1.327886450017674633e+03 9.961336255073547363e-01
1.327907283252732896e+03 1.008676767349243164e+00
1.327928116486903491e+03 1.004747271537780762e+00
1.327948949720200517e+03 1.013730049133300781e+00
1.327969782952652849e+03 1.005964398384094238e+00
1.327990616184303917e+03 1.002731442451477051e+00
1.328011449415208745e+03 1.002041578292846680e+00
1.328032282645433952e+03 1.004861593246459961e+00
1.328053115875058211e+03 9.962533116340637207e-01
1.328073949104169515e+03 9.976624846458435059e-01
1.328094782332861769e+03 1.005268573760986328e+00
1.328115615561237519e+03 1.001950860023498535e+00
1.328136448789402493e+03 1.003056526184082031e+00
1.328157282017465150e+03 1.006869673728942871e+00
1.328178115245536219e+03 9.963209033012390137e-01
1.328198948473723021e+03 1.005051255226135254e+00
1.328219781702131286e+03 1.005794286727905273e+00
1.328240614930861057e+03 1.005299448966979980e+00
1.328261448160008285e+03 1.004310369491577148e+00
1.328282281389659147e+03 1.009470224380493164e+00
1.328303114619889129e+03 9.974393844604492188e-01
1.328323947850763716e+03 9.998123049736022949e-01
1.328344781082337477e+03 1.006526947021484375e+00
1.328365614314651566e+03 1.004972219467163086e+00
1.328386447547731450e+03 1.009373307228088379e+00
1.328407280781592135e+03 1.005741715431213379e+00
1.328428114016231120e+03 1.006956696510314941e+00
1.328448947251631580e+03 1.004858016967773438e+00
1.328469780487766002e+03 1.001518130302429199e+00
1.328511446962046421e+03 1.003796577453613281e+00
1.328532280200069863e+03 1.002518534660339355e+00
1.328553113438580340e+03 1.008917570114135742e+00
1.328573946677488038e+03 1.005907535552978516e+00
1.328594779916699963e+03 1.000431537628173828e+00
1.328615613156113113e+03 1.008769989013671875e+00
1.328636446395622443e+03 1.013474225997924805e+00
1.328657279635117220e+03 1.004046440124511719e+00
1.328678112874488306e+03 1.017088532447814941e+00
1.328698946113627699e+03 1.005049228668212891e+00
1.328719779352430123e+03 1.000596523284912109e+00
1.328740612590794626e+03 1.004213929176330566e+00
1.328761445828628894e+03 1.001499652862548828e+00
1.328803112302369300e+03 9.963339567184448242e-01
1.328823945538134240e+03 1.002428293228149414e+00
1.328844778773089047e+03 1.001615524291992188e+00
1.328865612007193249e+03 1.004675865173339844e+00
1.328886445240421153e+03 1.006222367286682129e+00
1.328907278472760026e+03 9.968200325965881348e-01
1.328928111704211688e+03 1.005946516990661621e+00
1.328948944934794554e+03 9.940133094787597656e-01
1.328969778164538866e+03 1.001207590103149414e+00
1.328990611393488507e+03 9.923921823501586914e-01
1.329011444621700548e+03 9.989446401596069336e-01
1.329032277849242746e+03 1.011739850044250488e+00
1.329053111076195592e+03 1.002128243446350098e+00
1.329073944302647988e+03 1.007666349411010742e+00
1.329094777528694749e+03 9.998245239257812500e-01
1.329115610754439786e+03 1.001888990402221680e+00
1.329157277205450328e+03 9.966686964035034180e-01
1.329178110430934112e+03 1.004314064979553223e+00
1.329219776882398719e+03 9.969397783279418945e-01
1.329261443335200738e+03 1.005345940589904785e+00
1.329282276562329116e+03 9.977970123291015625e-01
1.329303109790047529e+03 1.005248188972473145e+00
1.329323943018419413e+03 1.001311302185058594e+00
1.329344776247497521e+03 1.006700634956359863e+00
1.329365609477320277e+03 9.923936128616333008e-01
1.329407275939285000e+03 9.994225502014160156e-01
1.329428109171435608e+03 1.012298107147216797e+00
1.329448942404346099e+03 9.951034784317016602e-01
1.329490608872309622e+03 9.957096576690673828e-01
1.329511442107257608e+03 1.005080819129943848e+00
1.329532275342762432e+03 1.011981725692749023e+00
1.329553108578743377e+03 1.007269144058227539e+00
1.329573941815112903e+03 1.006219625473022461e+00
1.329594775051772558e+03 9.984068870544433594e-01
1.329615608288620933e+03 1.006894946098327637e+00
1.329636441525549799e+03 1.003396987915039062e+00
1.329657274762451380e+03 1.003814339637756348e+00
1.329678107999215399e+03 1.000241279602050781e+00
1.329698941235735447e+03 9.996844530105590820e-01
1.329740607707624122e+03 9.982642531394958496e-01
1.329761440942800846e+03 1.009225845336914062e+00
1.329782274177350700e+03 9.981434941291809082e-01
1.329803107411198880e+03 1.013635277748107910e+00
1.329823940644283084e+03 1.015468001365661621e+00
1.329844773876550789e+03 1.002372384071350098e+00
1.329865607107962887e+03 1.004343628883361816e+00
1.329886440338497096e+03 9.909711480140686035e-01
1.329928106796903649e+03 1.006181001663208008e+00
1.329948940024799185e+03 9.960153698921203613e-01
1.330053106152880446e+03 1.004684686660766602e+00
1.330094772600131819e+03 9.996105432510375977e-01
1.330115605823273427e+03 1.004030108451843262e+00
1.330136439046234045e+03 1.002167582511901855e+00
1.330157272269121677e+03 1.011783123016357422e+00
1.330178105492048644e+03 1.005407094955444336e+00
1.330198938715119311e+03 1.004149317741394043e+00
1.330219771938439635e+03 9.909602403640747070e-01
1.330240605162109205e+03 1.005163311958312988e+00
1.330261438386219652e+03 1.003783941268920898e+00
1.330282271610854878e+03 1.007028579711914062e+00
1.330303104836089915e+03 1.005431532859802246e+00
1.330323938061987064e+03 9.958102703094482422e-01
1.330365604515952327e+03 9.929904937744140625e-01
1.330386437744082059e+03 1.005868196487426758e+00
1.330407270972993956e+03 1.002286434173583984e+00
1.330428104202683244e+03 1.002315163612365723e+00
1.330448937433130141e+03 1.003234386444091797e+00
1.330469770664300540e+03 9.984264373779296875e-01
1.330490603896147149e+03 9.930414557456970215e-01
1.330511437128611988e+03 9.972329735755920410e-01
1.330532270361625024e+03 1.001459836959838867e+00
1.330553103595103039e+03 9.974142313003540039e-01
1.330573936828956221e+03 9.998958706855773926e-01
1.330594770063087708e+03 9.953942298889160156e-01
1.330615603297394273e+03 1.016586780548095703e+00
1.330636436531768140e+03 1.009451389312744141e+00
1.330657269766101535e+03 1.004557251930236816e+00
1.330678103000284409e+03 1.004619836807250977e+00
1.330698936234208077e+03 1.014528989791870117e+00
1.330719769467768856e+03 1.003215551376342773e+00
1.330740602700867157e+03 9.969391226768493652e-01
1.330761435933412713e+03 1.003153920173645020e+00
1.330782269165321622e+03 1.001806378364562988e+00
1.330803102396520444e+03 1.006413578987121582e+00
1.330823935626947332e+03 1.003081917762756348e+00
1.330844768856553173e+03 1.002714514732360840e+00
1.330865602085299997e+03 1.006783366203308105e+00
1.330886435313167567e+03 1.013862967491149902e+00
1.330907268540147015e+03 1.001682758331298828e+00
1.330928101766243799e+03 1.004127740859985352e+00
1.330948934991478154e+03 1.007322192192077637e+00
1.330969768215885097e+03 9.993582367897033691e-01
1.330990601439512602e+03 1.002787947654724121e+00
1.331011434662421379e+03 1.001894235610961914e+00
1.331032267884682142e+03 1.000268459320068359e+00
1.331053101106376062e+03 1.005674719810485840e+00
1.331073934327594088e+03 1.001034259796142578e+00
1.331094767548435129e+03 1.008864641189575195e+00
1.331115600769001958e+03 9.911316037178039551e-01
1.331136433989403713e+03 9.955695271492004395e-01
1.331157267209747033e+03 9.899610280990600586e-01
1.331178100430143104e+03 1.004548788070678711e+00
1.331219766871515958e+03 1.003548502922058105e+00
1.331240600092697377e+03 9.972137212753295898e-01
1.331261433314331271e+03 1.005016207695007324e+00
1.331282266536501083e+03 1.010689020156860352e+00
1.331303099759278894e+03 9.928621053695678711e-01
1.331323932982727456e+03 9.928521513938903809e-01
1.331344766206892473e+03 9.974862933158874512e-01
1.331365599431812598e+03 1.006214737892150879e+00
1.331386432657508067e+03 9.989768862724304199e-01
1.331407265883985247e+03 9.951323270797729492e-01
1.331428099111239135e+03 9.868846535682678223e-01
1.331448932339245630e+03 9.998438358306884766e-01
1.331469765567971990e+03 9.983562231063842773e-01
1.331490598797369557e+03 9.993512034416198730e-01
1.331511432027376259e+03 9.975595474243164062e-01
1.331532265257920017e+03 9.964402318000793457e-01
1.331573931720282417e+03 9.974289536476135254e-01
1.331594764951911202e+03 9.981140494346618652e-01
1.331615598183702332e+03 9.965235590934753418e-01
1.331636431415545758e+03 9.944266676902770996e-01
1.331657264647334387e+03 9.954916834831237793e-01
1.331678097878959534e+03 9.966750741004943848e-01
1.331698931110312060e+03 1.007118344306945801e+00
1.331719764341288965e+03 9.949749708175659180e-01
1.331740597571792478e+03 1.009871721267700195e+00
1.331761430801730739e+03 1.001605391502380371e+00
1.331782264031023942e+03 1.004422307014465332e+00
1.331823930487392772e+03 1.008018016815185547e+00
1.331844763714361989e+03 9.955062866210937500e-01
1.331865596940471278e+03 1.008766770362854004e+00
1.331886430165697675e+03 1.006849527359008789e+00
1.331907263390035951e+03 1.003477811813354492e+00
1.331928096613494972e+03 9.917303323745727539e-01
1.331948929836096340e+03 1.007155776023864746e+00
1.331969763057877344e+03 9.939919710159301758e-01
1.331990596278885505e+03 9.995363950729370117e-01
1.332011429499182668e+03 9.982868432998657227e-01
1.332032262718843413e+03 1.002123117446899414e+00
1.332053095937948910e+03 1.001821637153625488e+00
1.332073929156593522e+03 9.991578459739685059e-01
1.332115595592895261e+03 9.907550811767578125e-01
1.332136428810763846e+03 1.001960992813110352e+00
1.332157262028590822e+03 9.985629320144653320e-01
1.332178095246483963e+03 9.984548091888427734e-01
1.332198928464553092e+03 1.001636505126953125e+00
1.332261428120802520e+03 1.001613855361938477e+00
1.332282261340533978e+03 1.005974054336547852e+00
1.332344761003661006e+03 9.915650486946105957e-01
1.332386427449456278e+03 9.930784702301025391e-01
1.332448927123963358e+03 9.956762194633483887e-01
1.332490593577243544e+03 9.953202605247497559e-01
1.332532260032917975e+03 1.000415086746215820e+00
1.332553093261464255e+03 1.001977324485778809e+00
1.332573926490361828e+03 9.835354685783386230e-01
1.332594759719511330e+03 9.995062947273254395e-01
1.332615592948809535e+03 1.002375006675720215e+00
1.332636426178148213e+03 1.004932284355163574e+00
1.332657259407417996e+03 9.909804463386535645e-01
1.332698925865315914e+03 9.977625608444213867e-01
1.332719759093733501e+03 9.993973374366760254e-01
1.332740592321665417e+03 1.001431107521057129e+00
1.332761425549022533e+03 1.016357541084289551e+00
1.332782258775723449e+03 9.933424592018127441e-01
1.332823925226889514e+03 9.981949925422668457e-01
1.332865591674743428e+03 9.995492696762084961e-01
1.332886424897355027e+03 9.925183057785034180e-01
1.332907258119080097e+03 9.921014308929443359e-01
1.332928091339928642e+03 9.939354062080383301e-01
1.332948924559923626e+03 9.948031306266784668e-01
1.332969757779103929e+03 1.001419425010681152e+00
1.332990590997519121e+03 9.985867142677307129e-01
1.333011424215234683e+03 9.946888089179992676e-01
1.333032257432324286e+03 9.985476732254028320e-01
1.333053090648870239e+03 9.978001117706298828e-01
1.333073923864967810e+03 9.776546359062194824e-01
1.333094757080715908e+03 9.951261878013610840e-01
1.333115590296217533e+03 9.943017959594726562e-01
1.333136423511584098e+03 1.007826924324035645e+00
1.333157256726923379e+03 1.003201246261596680e+00
1.333178089942342922e+03 9.879882931709289551e-01
1.333198923157950730e+03 9.955357909202575684e-01
1.333219756373850259e+03 1.004086375236511230e+00
1.333240589590137461e+03 9.905326366424560547e-01
1.333261422806902146e+03 9.993824362754821777e-01
1.333282256024223898e+03 9.966545104980468750e-01
1.333303089242171382e+03 1.002633213996887207e+00
1.333323922460803487e+03 9.938756227493286133e-01
1.333344755680165918e+03 1.003107428550720215e+00
1.333365588900290504e+03 9.886300563812255859e-01
1.333386422121195210e+03 9.985069632530212402e-01
1.333428088565341568e+03 9.952687025070190430e-01
1.333448921788548205e+03 9.930942654609680176e-01
1.333469755012463793e+03 9.900794029235839844e-01
1.333490588237036491e+03 9.937096834182739258e-01
1.333511421462203316e+03 9.925739765167236328e-01
1.333532254687885825e+03 9.901545047760009766e-01
1.333553087914001935e+03 1.000413179397583008e+00
1.333573921140458197e+03 9.782975316047668457e-01
1.333594754367154110e+03 9.955403804779052734e-01
1.333615587593985083e+03 9.981898069381713867e-01
1.333636420820843568e+03 1.003085732460021973e+00
1.333657254047617698e+03 9.974823594093322754e-01
1.333678087274199697e+03 9.959110617637634277e-01
1.333698920500484746e+03 9.844748377799987793e-01
1.333719753726367799e+03 9.882669448852539062e-01
1.333740586951754949e+03 9.999071359634399414e-01
1.333761420176555475e+03 9.983188509941101074e-01
1.333782253400690024e+03 9.925472736358642578e-01
1.333803086624091520e+03 9.991250634193420410e-01
1.333823919846701074e+03 1.003170490264892578e+00
1.333844753068476166e+03 9.982626438140869141e-01
1.333865586289383828e+03 9.907566308975219727e-01
1.333886419509408597e+03 9.933354854583740234e-01
1.333907252728546155e+03 9.849449992179870605e-01
1.333928085946809460e+03 9.910507798194885254e-01
1.333948919164225117e+03 9.950378537178039551e-01
1.333969752380832233e+03 9.933159351348876953e-01
1.333990585596684014e+03 9.977446198463439941e-01
1.334011418811844578e+03 1.000763416290283203e+00
1.334032252026388505e+03 9.964353442192077637e-01
1.334053085240403107e+03 9.952586889266967773e-01
1.334073918453982060e+03 9.977115392684936523e-01
1.334094751667225410e+03 1.000644564628601074e+00
1.334115584880239112e+03 9.999078512191772461e-01
1.334136418093130487e+03 9.982549548149108887e-01
1.334157251306007765e+03 9.958192110061645508e-01
1.334178084518981677e+03 9.939506053924560547e-01
1.334198917732160226e+03 9.840067028999328613e-01
1.334219750945642772e+03 9.939423799514770508e-01
1.334240584159524815e+03 9.987711310386657715e-01
1.334261417373895483e+03 9.949332475662231445e-01
1.334282250588834358e+03 9.952816963195800781e-01
1.334303083804407379e+03 9.954184889793395996e-01
1.334323917020672980e+03 9.987592101097106934e-01
1.334344750237674816e+03 9.952395558357238770e-01
1.334365583455440856e+03 9.992650747299194336e-01
1.334386416673988606e+03 1.005420446395874023e+00
1.334407249893320113e+03 9.930478334426879883e-01
1.334428083113421053e+03 1.003904223442077637e+00
1.334448916334266414e+03 9.976142644882202148e-01
1.334469749555816179e+03 9.975103735923767090e-01
1.334490582778014414e+03 9.992021322250366211e-01
1.334511416000796316e+03 9.961128830909729004e-01
1.334532249224086854e+03 9.965986609458923340e-01
1.334553082447799170e+03 9.971427321434020996e-01
1.334573915671838904e+03 1.006037592887878418e+00
1.334594748896104647e+03 1.002450704574584961e+00
1.334615582120493400e+03 9.921753406524658203e-01
1.334636415344893294e+03 9.947820901870727539e-01
1.334657248569197009e+03 1.008784651756286621e+00
1.334698915017084573e+03 9.908210635185241699e-01
1.334719748240457648e+03 9.955947399139404297e-01
1.334740581463321860e+03 9.958764314651489258e-01
1.334761414685591262e+03 9.967750906944274902e-01
1.334782247907184910e+03 9.985924959182739258e-01
1.334803081128038457e+03 9.955022931098937988e-01
1.334823914348094149e+03 9.964823722839355469e-01
1.334844747567310151e+03 9.990388154983520508e-01
1.334865580785656675e+03 9.968358278274536133e-01
1.334886414003117807e+03 9.951521754264831543e-01
1.334907247219696501e+03 1.000066399574279785e+00
1.335032246502302314e+03 9.963931441307067871e-01
1.335053079713813986e+03 9.984802007675170898e-01
1.335073912924902743e+03 9.985559582710266113e-01
1.335094746135669311e+03 9.975291490554809570e-01
1.335115579346220557e+03 1.000309467315673828e+00
1.335136412556664709e+03 9.981341958045959473e-01
1.335157245767110908e+03 9.918550848960876465e-01
1.335178078977668065e+03 9.851888418197631836e-01
1.335198912188442364e+03 1.001670360565185547e+00
1.335219745399535213e+03 1.001029014587402344e+00
1.335240578611039837e+03 1.006064891815185547e+00
1.335261411823045137e+03 9.984285831451416016e-01
1.335303078248854945e+03 1.000132560729980469e+00
1.335323911462780643e+03 9.944413304328918457e-01
1.335365577892882357e+03 1.000999093055725098e+00
1.335386411109100891e+03 1.000891089439392090e+00
1.335428077543872178e+03 9.978249073028564453e-01
1.335448910762381729e+03 9.972455501556396484e-01
1.335469743981587726e+03 1.006355285644531250e+00
1.335490577201436054e+03 9.996300339698791504e-01
1.335511410421861228e+03 1.000595211982727051e+00
1.335532243642784351e+03 9.832233786582946777e-01
1.335553076864116292e+03 9.944342970848083496e-01
1.335573910085763828e+03 1.002198457717895508e+00
1.335594743307625095e+03 1.001534700393676758e+00
1.335615576529594364e+03 1.001675367355346680e+00
1.335657242973421035e+03 1.005794405937194824e+00
1.335678076195060385e+03 1.001006245613098145e+00
1.335698909416373908e+03 9.930977821350097656e-01
1.335719742637261788e+03 1.003441929817199707e+00
1.335740575857631256e+03 1.001865625381469727e+00
1.335761409077394092e+03 1.002749443054199219e+00
1.335782242296472077e+03 1.011278510093688965e+00
1.335803075514801549e+03 9.958676695823669434e-01
1.335823908732328391e+03 9.992238283157348633e-01
1.335844741949010995e+03 1.003906369209289551e+00
1.335865575164822303e+03 1.000835895538330078e+00
1.335886408379748445e+03 9.987297654151916504e-01
1.335907241593793060e+03 1.011956095695495605e+00
1.335928074806968652e+03 1.002069354057312012e+00
1.335948908019305918e+03 9.940791130065917969e-01
1.335969741230848285e+03 1.000083327293395996e+00
1.335990574441653735e+03 1.006561279296875000e+00
1.336011407651786385e+03 1.004728555679321289e+00
1.336032240861326954e+03 1.003710985183715820e+00
1.336053074070361163e+03 9.971289038658142090e-01
1.336073907278986553e+03 1.007174372673034668e+00
1.336094740487305899e+03 1.003887176513671875e+00
1.336115573695424700e+03 9.914829134941101074e-01
1.336136406903448915e+03 1.004722952842712402e+00
1.336157240111490864e+03 1.005585789680480957e+00
1.336178073319659234e+03 1.000082373619079590e+00
1.336198906528058160e+03 9.985837936401367188e-01
1.336219739736789052e+03 1.012542366981506348e+00
1.336240572945944677e+03 1.002435445785522461e+00
1.336261406155612121e+03 9.949491024017333984e-01
1.336282239365867326e+03 1.003797054290771484e+00
1.336303072576773047e+03 1.001197338104248047e+00
1.336323905788386355e+03 1.000200748443603516e+00
1.336344739000745903e+03 9.941424727439880371e-01
1.336365572213876703e+03 9.925599098205566406e-01
1.336386405427791487e+03 1.003594398498535156e+00
1.336407238642488210e+03 1.000653624534606934e+00
1.336428071857950499e+03 1.006536722183227539e+00
1.336448905074149934e+03 1.011278152465820312e+00
1.336469738291041040e+03 1.009055018424987793e+00
1.336490571508565836e+03 1.003575086593627930e+00
1.336511404726656338e+03 1.003069758415222168e+00
1.336532237945234783e+03 9.940797090530395508e-01
1.336553071164212270e+03 1.002137422561645508e+00
1.336573904383493527e+03 1.000812888145446777e+00
1.336594737602973737e+03 9.961748123168945312e-01
1.336615570822548307e+03 1.007448434829711914e+00
1.336636404042108779e+03 1.004955649375915527e+00
1.336657237261545333e+03 9.988505244255065918e-01
1.336740570135939606e+03 1.002233386039733887e+00
1.336761403353219521e+03 1.005756497383117676e+00
1.336782236569807765e+03 1.003352761268615723e+00
1.336803069785638854e+03 9.961144328117370605e-01
1.336823903000663449e+03 1.013805270195007324e+00
1.336844736214838349e+03 1.007626295089721680e+00
1.336865569428140816e+03 1.001744031906127930e+00
1.336886402640557435e+03 1.001788377761840820e+00
1.336907235852092526e+03 9.976475238800048828e-01
1.336928069062765189e+03 1.002649545669555664e+00
1.336948902272605210e+03 9.977900385856628418e-01
1.336969735481656926e+03 1.002410769462585449e+00
1.336990568689977636e+03 9.986978173255920410e-01
1.337011401897637143e+03 1.004095554351806641e+00
1.337032235104717302e+03 9.971288442611694336e-01
1.337053068311305196e+03 1.003690600395202637e+00
1.337073901517496779e+03 9.977148175239562988e-01
1.337094734723394595e+03 1.004809260368347168e+00
1.337115567929105509e+03 9.984147548675537109e-01
1.337136401134740709e+03 1.008043289184570312e+00
1.337157234340407285e+03 9.925004839897155762e-01
1.337178067546215289e+03 9.985443949699401855e-01
1.337198900752266354e+03 1.003324747085571289e+00
1.337219733958662346e+03 1.008909106254577637e+00
1.337240567165496941e+03 9.998505115509033203e-01
1.337261400372854041e+03 1.002212762832641602e+00
1.337282233580808224e+03 9.980266094207763672e-01
1.337303066789423383e+03 1.003126859664916992e+00
1.337323899998749994e+03 9.924234151840209961e-01
1.337365566419678998e+03 9.969274997711181641e-01
1.337386399631316635e+03 1.000520348548889160e+00
1.337407232843736210e+03 1.003577709197998047e+00
1.337428066056919306e+03 1.002450942993164062e+00
1.337448899270832271e+03 9.900126457214355469e-01
1.337511398916440839e+03 9.950742125511169434e-01
1.337532232132701211e+03 1.012246251106262207e+00
1.337553065349347662e+03 9.928560853004455566e-01
1.337573898566283333e+03 9.979773759841918945e-01
1.337615565000613515e+03 1.014041423797607422e+00
1.337636398217791339e+03 1.004022359848022461e+00
1.337657231434829782e+03 1.011585474014282227e+00
1.337719731084056093e+03 1.005544185638427734e+00
1.337865563576870045e+03 1.001337885856628418e+00
1.337907229995859325e+03 1.009853124618530273e+00
1.337928063204053160e+03 1.008677005767822266e+00
1.337948896411420947e+03 1.004992008209228516e+00
1.337969729618008387e+03 1.009568572044372559e+00
1.337990562823875962e+03 1.012264966964721680e+00
1.338011396029091657e+03 1.008508443832397461e+00
1.338032229233738462e+03 1.005735039710998535e+00
1.338053062437904600e+03 1.005211353302001953e+00
1.338073895641688750e+03 1.003696084022521973e+00
1.338094728845195505e+03 1.012020945549011230e+00
1.338115562048531046e+03 1.005493044853210449e+00
1.338136395251803606e+03 1.000243186950683594e+00
1.338157228455122549e+03 1.004593610763549805e+00
1.338178061658595652e+03 1.001082062721252441e+00
1.338219728066418838e+03 1.002847194671630859e+00
1.338365560511555486e+03 1.000118494033813477e+00
1.340094716751980741e+03 1.011428236961364746e+00
1.340115549950668310e+03 1.008303880691528320e+00
1.340136383149323137e+03 1.008878111839294434e+00
1.340157216348055044e+03 1.015419483184814453e+00
1.340178049546970442e+03 1.011936902999877930e+00
1.340198882746172330e+03 1.012515306472778320e+00
1.340219715945757343e+03 1.005786299705505371e+00
1.340240549145816885e+03 1.009482979774475098e+00
1.340261382346430537e+03 1.000113129615783691e+00
1.340282215547669921e+03 1.005978465080261230e+00
1.340303048749593927e+03 1.003179907798767090e+00
1.340323881952248485e+03 9.971711039543151855e-01
1.340344715155666336e+03 1.010277032852172852e+00
1.340365548359867262e+03 1.002677559852600098e+00
1.340386381564854673e+03 9.974452257156372070e-01
1.340407214770619930e+03 1.002957105636596680e+00
1.340428047977139613e+03 1.001169085502624512e+00
1.340448881184375523e+03 9.964653849601745605e-01
1.340469714392276956e+03 1.006929516792297363e+00
1.340490547600780019e+03 1.004161477088928223e+00
1.340511380809812863e+03 1.000225901603698730e+00
1.340532214019289313e+03 1.004260301589965820e+00
1.340553047229117055e+03 1.008181691169738770e+00
1.340573880439197183e+03 1.003793954849243164e+00
1.340615546859692586e+03 9.981269240379333496e-01
1.340636380069889583e+03 9.982168078422546387e-01
1.340657213279907637e+03 1.002635359764099121e+00
1.340678046489639883e+03 9.974370598793029785e-01
1.340698879698983319e+03 1.000393033027648926e+00
1.340719712907841767e+03 9.918666481971740723e-01
1.340740546116125870e+03 9.952362179756164551e-01
1.340761379323754227e+03 1.003583073616027832e+00
1.340782212530657262e+03 9.939158558845520020e-01
1.340803045736778131e+03 9.914863109588623047e-01
1.340823878942070223e+03 9.986706972122192383e-01
1.340844712146501024e+03 1.011390805244445801e+00
1.340865545350054163e+03 1.005155920982360840e+00
1.340886378552724409e+03 1.000779509544372559e+00
1.340907211754522223e+03 1.000357389450073242e+00
1.340928044955473069e+03 9.872332215309143066e-01
1.340990544553695827e+03 1.004585504531860352e+00
1.341011377751770624e+03 1.007230401039123535e+00
1.341032210949313139e+03 9.932294487953186035e-01
1.341053044146414322e+03 1.001056909561157227e+00
1.341073877343175582e+03 9.975297451019287109e-01
1.341094710539702646e+03 1.004301786422729492e+00
1.341115543736102154e+03 9.803777933120727539e-01
1.341136376932483472e+03 1.001770496368408203e+00
1.341157210128957104e+03 9.924445152282714844e-01
1.341178043325627868e+03 9.951676726341247559e-01
1.341198876522598994e+03 9.946247935295104980e-01
1.341219709719967341e+03 9.966216683387756348e-01
1.341240542917821813e+03 9.996893405914306641e-01
1.341261376116240172e+03 9.959586262702941895e-01
1.341282209315292903e+03 9.998240470886230469e-01
1.341303042515037987e+03 9.923039078712463379e-01
1.341323875715519762e+03 1.003817915916442871e+00
1.341344708916768013e+03 9.895309805870056152e-01
1.341365542118801386e+03 9.999476671218872070e-01
1.341386375321622609e+03 9.983142018318176270e-01
1.341407208525218721e+03 1.005487203598022461e+00
1.341448874934623746e+03 9.989218115806579590e-01
1.341490541346652208e+03 1.003727793693542480e+00
1.341511374553482028e+03 9.945504665374755859e-01
1.341532207760744541e+03 9.934431910514831543e-01
1.341553040968345613e+03 9.991565346717834473e-01
1.341573874176187019e+03 9.978203177452087402e-01
1.341594707384163485e+03 1.003854751586914062e+00
1.341615540592165189e+03 9.968892931938171387e-01
1.341636373800082765e+03 9.984828829765319824e-01
1.341719706628788117e+03 9.983912706375122070e-01
1.341761373040010994e+03 1.005013704299926758e+00
1.341782206244556846e+03 9.953681826591491699e-01
1.341803039448314394e+03 9.912896156311035156e-01
1.341823872651238617e+03 9.981775283813476562e-01
1.341844705853299502e+03 1.007397651672363281e+00
1.341865539054481133e+03 1.006343245506286621e+00
1.341907205454214136e+03 1.002974152565002441e+00
1.341928038652803252e+03 1.010070323944091797e+00
1.341948871850591559e+03 9.995673894882202148e-01
1.341969705047631578e+03 1.001791715621948242e+00
1.341990538243987203e+03 9.942033290863037109e-01
1.342032204634966547e+03 9.963394999504089355e-01
1.342053037829768755e+03 1.005045175552368164e+00
1.342115537412643789e+03 1.001892685890197754e+00
1.342136370606784112e+03 9.965476393699645996e-01
1.342157203801031756e+03 9.968405365943908691e-01
1.342219703385448838e+03 1.003136634826660156e+00
1.342240536581128936e+03 1.001356840133666992e+00
1.342261369777385426e+03 9.851252436637878418e-01
1.342282202974284019e+03 9.986459016799926758e-01
1.342303036171882241e+03 1.001376748085021973e+00
1.342323869370222610e+03 1.005323529243469238e+00
1.342344702569333322e+03 1.008573055267333984e+00
1.342365535769230064e+03 9.945654869079589844e-01
1.342386368969914656e+03 1.005287051200866699e+00
1.342407202171374365e+03 1.000913262367248535e+00
1.342428035373580087e+03 1.002444028854370117e+00
1.342448868576491805e+03 1.005828261375427246e+00
1.342469701780054720e+03 9.984406828880310059e-01
1.342490534984202668e+03 9.989718198776245117e-01
1.342511368188859251e+03 9.949800372123718262e-01
1.342532201393938749e+03 1.004762411117553711e+00
1.342553034599344301e+03 1.003100633621215820e+00
1.342573867804976544e+03 9.953368902206420898e-01
1.342594701010730432e+03 9.987890720367431641e-01
1.342615534216497736e+03 9.987983703613281250e-01
1.342636367422166359e+03 1.005661368370056152e+00
1.342657200627628981e+03 1.000778675079345703e+00
1.342678033832780102e+03 1.005340933799743652e+00
1.342698867037516493e+03 1.004905343055725098e+00
1.342719700241745386e+03 9.952245354652404785e-01
1.342740533445379242e+03 1.001975774765014648e+00
1.342761366648339845e+03 9.902151823043823242e-01
1.342782199850559664e+03 9.987690448760986328e-01
1.342803033051985722e+03 9.900118112564086914e-01
1.342823866252573907e+03 1.007079958915710449e+00
1.342844699452296481e+03 9.987605214118957520e-01
1.342865532651139574e+03 9.957892894744873047e-01
1.342886365849103640e+03 1.008793115615844727e+00
1.342907199046201640e+03 9.964213371276855469e-01
1.342928032242463360e+03 9.997242093086242676e-01
1.342948865437931090e+03 9.975841641426086426e-01
1.342969698632658492e+03 9.987970590591430664e-01
1.342990531826711504e+03 9.992477297782897949e-01
1.343011365020169706e+03 9.985249042510986328e-01
1.343032198213119727e+03 9.968100786209106445e-01
1.343053031405657975e+03 9.952107071876525879e-01
1.343073864597882903e+03 9.982653856277465820e-01
1.343094697789902511e+03 1.009249567985534668e+00
1.343115530981825486e+03 1.004654169082641602e+00
1.343136364173760512e+03 1.000132322311401367e+00
1.343157197365816728e+03 1.003999471664428711e+00
1.343178030558099181e+03 1.002310514450073242e+00
1.343198863750710416e+03 9.997041821479797363e-01
1.343219696943743202e+03 9.978783726692199707e-01
1.343240530137285077e+03 1.009076356887817383e+00
1.343261363331412213e+03 1.007716178894042969e+00
1.343282196526191228e+03 9.928725361824035645e-01
1.343303029721676012e+03 9.861632585525512695e-01
1.343323862917908855e+03 9.898715615272521973e-01
1.343344696114914996e+03 9.933891892433166504e-01
1.343365529312710123e+03 9.989721775054931641e-01
1.343386362511292418e+03 9.936028122901916504e-01
1.343407195710648011e+03 1.000949144363403320e+00
1.343428028910745525e+03 9.842711091041564941e-01
1.343469695312984641e+03 1.004429936408996582e+00
1.343490528515002325e+03 1.001754403114318848e+00
1.343532194920445590e+03 1.018057107925415039e+00
1.343594694530707784e+03 1.005325913429260254e+00
1.343615527734271609e+03 9.943237304687500000e-01
1.343636360937722429e+03 1.000846743583679199e+00
1.343657194140954743e+03 1.004974007606506348e+00
1.343678027343861459e+03 1.007511973381042480e+00
1.343719693748305644e+03 9.995664358139038086e-01
1.343740526949662808e+03 9.992741942405700684e-01
1.343761360150338078e+03 9.937225580215454102e-01
1.343782193350265288e+03 9.997845292091369629e-01
1.343803026549393735e+03 1.004312276840209961e+00
1.343823859747681126e+03 1.002690553665161133e+00
1.343844692945099723e+03 1.007954359054565430e+00
1.343865526141639066e+03 9.969599843025207520e-01
1.343886359337301201e+03 1.002072691917419434e+00
1.343907192532101135e+03 1.005687832832336426e+00
1.343928025726069109e+03 1.002792239189147949e+00
1.343948858919250597e+03 1.008131265640258789e+00
1.343990525303488766e+03 9.961916208267211914e-01
1.344011358494692104e+03 1.002891540527343750e+00
1.344032191685401131e+03 1.000231981277465820e+00
1.344053024875710207e+03 1.001039385795593262e+00
1.344073858065720970e+03 1.006761074066162109e+00
1.344094691255542330e+03 1.010736703872680664e+00
1.344115524445280698e+03 9.986320137977600098e-01
1.344136357635047489e+03 1.000566601753234863e+00
1.344157190824950021e+03 1.009493470191955566e+00
1.344178024015092660e+03 9.948967695236206055e-01
1.344198857205577724e+03 1.007353663444519043e+00
1.344219690396496389e+03 1.008508801460266113e+00
1.344240523587936195e+03 1.008056282997131348e+00
1.344323856360236732e+03 1.001456022262573242e+00
1.344344689555175819e+03 1.003826618194580078e+00
1.344365522750903892e+03 1.005319476127624512e+00
1.344469688740801757e+03 1.011256337165832520e+00
1.344490521940724420e+03 1.006097316741943359e+00
1.344511355141134800e+03 9.972248077392578125e-01
1.344594687945781288e+03 1.008192896842956543e+00
1.344615521147173922e+03 1.005922913551330566e+00
1.344636354348442410e+03 1.001869320869445801e+00
1.344719687150168738e+03 9.991257190704345703e-01
1.344740520349284452e+03 1.001387596130371094e+00
1.344761353547708950e+03 9.970085024833679199e-01
1.344782186745379477e+03 9.922184944152832031e-01
1.344803019942244646e+03 9.987548589706420898e-01
1.344823853138266259e+03 1.005219817161560059e+00
1.344844686333418849e+03 1.007406711578369141e+00
1.344865519527691276e+03 9.951611757278442383e-01
1.344886352721088087e+03 1.003110289573669434e+00
1.344907185913626563e+03 9.977635145187377930e-01
1.344928019105339899e+03 1.007444858551025391e+00
1.344948852296273117e+03 1.006183505058288574e+00
1.344969685486485332e+03 9.945561885833740234e-01
1.344990518676044530e+03 1.015694618225097656e+00
1.345011351865031429e+03 9.932903647422790527e-01
1.345032185053536978e+03 9.882112741470336914e-01
1.345053018241657128e+03 1.001220941543579102e+00
1.345073851429494198e+03 9.940546751022338867e-01
1.345094684617154144e+03 1.007785916328430176e+00
1.345115517804748151e+03 1.006833553314208984e+00
1.345136350992385132e+03 1.008355736732482910e+00
1.345157184180171726e+03 1.009962320327758789e+00
1.345178017368215251e+03 1.010261654853820801e+00
1.345198850556613024e+03 1.000465869903564453e+00
1.345219683745456905e+03 1.005656361579895020e+00
1.345240516934832840e+03 9.966214299201965332e-01
1.345261350124814953e+03 9.971265792846679688e-01
1.345282183315465318e+03 9.975408315658569336e-01
1.345303016506835775e+03 1.003036737442016602e+00
1.345323849698962704e+03 1.002018570899963379e+00
1.345344682891871571e+03 9.954818487167358398e-01
1.345365516085571016e+03 1.004799962043762207e+00
1.345386349280057402e+03 1.002035737037658691e+00
1.345407182475311174e+03 9.896532893180847168e-01
1.345428015671297999e+03 9.998911619186401367e-01
1.345448848867973084e+03 9.966832399368286133e-01
1.345469682065277993e+03 1.004015684127807617e+00
1.345490515263142242e+03 9.984148740768432617e-01
1.345511348461483067e+03 1.005388140678405762e+00
1.345532181660212473e+03 1.003381490707397461e+00
1.345553014859232235e+03 1.004742145538330078e+00
1.345573848058439808e+03 1.003041386604309082e+00
1.345594681257727643e+03 9.997516274452209473e-01
1.345615514456988649e+03 1.006393074989318848e+00
1.345636347656110956e+03 9.924390912055969238e-01
1.345657180854986564e+03 1.006789207458496094e+00
1.345678014053512698e+03 1.005480647087097168e+00
1.345698847251590223e+03 1.001041650772094727e+00
1.345719680449126145e+03 1.005203127861022949e+00
1.345740513646036106e+03 1.006453633308410645e+00
1.345761346842248486e+03 1.001752972602844238e+00
1.345782180037700527e+03 9.983013868331909180e-01
1.345803013232341527e+03 1.011318445205688477e+00
1.345823846426135106e+03 1.004281520843505859e+00
1.345844679619057843e+03 1.000514030456542969e+00
1.345865512811101325e+03 9.975394010543823242e-01
1.345886346002272603e+03 1.000884056091308594e+00
1.345907179192590320e+03 9.983251094818115234e-01
1.345928012382086990e+03 9.961956739425659180e-01
1.345948845570811500e+03 9.969750642776489258e-01
1.345969678758824784e+03 1.009536504745483398e+00
1.345990511946196875e+03 1.006739616394042969e+00
1.346011345133007808e+03 1.007465362548828125e+00
1.346032178319350123e+03 1.009740114212036133e+00
1.346053011505320228e+03 1.001051783561706543e+00
1.346073844691022941e+03 1.000307679176330566e+00
1.346094677876564674e+03 1.005336523056030273e+00
1.346115511062054338e+03 9.927863478660583496e-01
1.346136344247602437e+03 1.005018115043640137e+00
1.346157177433315610e+03 1.000996947288513184e+00
1.346178010619298220e+03 1.005159616470336914e+00
1.346198843805649176e+03 9.983531832695007324e-01
1.346219676992458744e+03 9.925340414047241211e-01
1.346240510179811508e+03 1.000768423080444336e+00
1.346261343367780228e+03 9.999732971191406250e-01
1.346282176556426066e+03 9.933053255081176758e-01
1.346303009745796999e+03 9.962922334671020508e-01
1.346323842935930998e+03 9.961984157562255859e-01
1.346344676126849663e+03 9.879130125045776367e-01
1.346365509318558679e+03 1.000376462936401367e+00
1.346386342511053044e+03 9.940202832221984863e-01
1.346407175704312976e+03 9.927409291267395020e-01
1.346428008898303233e+03 9.970113039016723633e-01
1.346469675288266217e+03 9.981888532638549805e-01
1.346490508484109796e+03 9.974048137664794922e-01
1.346511341680419264e+03 9.968507885932922363e-01
1.346532174877105263e+03 9.923856854438781738e-01
1.346553008074070021e+03 1.002944111824035645e+00
1.346573841271209176e+03 1.004197955131530762e+00
1.346594674468415860e+03 9.973416328430175781e-01
1.346615507665580026e+03 1.002184748649597168e+00
1.346636340862593670e+03 1.006668329238891602e+00
1.346698840451671003e+03 9.920358061790466309e-01
1.346740506841794286e+03 1.005570650100708008e+00
1.346782173229103591e+03 1.001036405563354492e+00
1.346803006421558848e+03 1.007265806198120117e+00
1.346823839613164409e+03 1.001136779785156250e+00
1.346865505993753004e+03 1.002810478210449219e+00
1.346886339182737174e+03 9.999421834945678711e-01
1.346907172370873241e+03 1.003190636634826660e+00
1.346948838744753630e+03 9.960671663284301758e-01
1.346969671930609138e+03 1.007987260818481445e+00
1.346990505115833685e+03 9.967032074928283691e-01
1.347011338300509806e+03 9.934743046760559082e-01
1.347032171484730952e+03 9.952316880226135254e-01
1.347094671035669535e+03 1.005197763442993164e+00
1.347115504219098057e+03 9.968928098678588867e-01
1.347136337402598656e+03 9.980428814888000488e-01
1.347157170586278880e+03 9.999638795852661133e-01
1.347219670139407071e+03 9.903229475021362305e-01
1.347240503324777819e+03 9.932826757431030273e-01
1.347261336510775209e+03 9.971457123756408691e-01
1.347282169697456538e+03 9.999827742576599121e-01
1.347303002884870921e+03 9.924073219299316406e-01
1.347344669262018670e+03 9.987420439720153809e-01
1.347407168833628930e+03 9.955617189407348633e-01
1.347428002025660362e+03 9.969121217727661133e-01
1.347532167994546398e+03 9.984043240547180176e-01
1.347573834384604197e+03 9.943428039550781250e-01
1.347615500774875500e+03 9.910517334938049316e-01
1.347636333969818907e+03 1.000442981719970703e+00
1.347657167164490147e+03 1.001862883567810059e+00
1.347678000358785766e+03 9.975581169128417969e-01
1.347782166321523846e+03 9.964717626571655273e-01
1.347823832701291167e+03 9.978827834129333496e-01
1.347844665889876524e+03 9.961041808128356934e-01
1.347886332264423800e+03 1.004340529441833496e+00
1.347907165450420280e+03 9.955520629882812500e-01
1.347948831820041732e+03 1.002931475639343262e+00
1.347990498186902414e+03 1.000316262245178223e+00
1.348511327821787745e+03 9.925856590270996094e-01
1.349427987989324720e+03 9.911441206932067871e-01
1.349448821178222261e+03 9.919614791870117188e-01
1.349594653512380091e+03 9.974223971366882324e-01
1.349615486703493616e+03 1.000081062316894531e+00
1.349636319894416602e+03 9.993013739585876465e-01
1.349719652654145648e+03 9.948943853378295898e-01
1.349740485842630960e+03 9.948879480361938477e-01
1.349761319030388222e+03 9.959912300109863281e-01
1.349782152217360817e+03 1.005668520927429199e+00
1.349802985403505318e+03 1.003246665000915527e+00
1.349823818588790573e+03 9.936791658401489258e-01
1.349844651773203395e+03 1.003962755203247070e+00
1.349865484956742193e+03 9.980041384696960449e-01
1.349886318139419245e+03 9.942843317985534668e-01
1.349907151321262518e+03 9.915311336517333984e-01
1.349927984502313620e+03 9.986131787300109863e-01
1.349948817682623485e+03 9.995893836021423340e-01
1.349969650862261915e+03 9.994517564773559570e-01
1.349990484041304171e+03 1.003592848777770996e+00
1.350011317219835291e+03 1.006152153015136719e+00
1.350032150397951455e+03 9.954449534416198730e-01
1.350052983575754070e+03 9.959205389022827148e-01
1.350073816753347501e+03 9.889675378799438477e-01
1.350094649930839751e+03 9.924353361129760742e-01
1.350115483108341323e+03 9.975794553756713867e-01
1.350136316285962266e+03 9.909561276435852051e-01
1.350157149463806718e+03 1.001971721649169922e+00
1.350177982641975404e+03 9.930062890052795410e-01
1.350198815820565869e+03 1.000536322593688965e+00
1.350219648999664059e+03 9.983162283897399902e-01
1.350240482179347055e+03 9.949599504470825195e-01
1.350261315359682840e+03 1.002497434616088867e+00
1.350282148540726212e+03 1.002131342887878418e+00
1.350302981722521281e+03 9.962321519851684570e-01
1.350323814905093741e+03 1.000249743461608887e+00
1.350344648088460190e+03 1.002210140228271484e+00
1.350386314457560502e+03 1.008511662483215332e+00
1.350407147643251392e+03 9.972393512725830078e-01
1.350427980829652597e+03 1.009971380233764648e+00
1.350448814016709321e+03 9.978281855583190918e-01
1.350469647204354260e+03 9.991886615753173828e-01
1.350490480392510108e+03 9.983863830566406250e-01
1.350511313581091144e+03 9.926306605339050293e-01
1.350532146770000054e+03 1.001195669174194336e+00
1.350552979959137929e+03 1.000606298446655273e+00
1.350573813148397903e+03 9.952942728996276855e-01
1.350594646337671747e+03 1.004350066184997559e+00
1.350615479526848731e+03 9.936470985412597656e-01
1.350636312715821987e+03 1.002173662185668945e+00
1.350657145904485105e+03 9.914477467536926270e-01
1.350677979092735313e+03 9.978380799293518066e-01
1.350698812280480752e+03 9.985377788543701172e-01
1.350719645467633427e+03 1.007686138153076172e+00
1.350740478654115122e+03 1.004680991172790527e+00
1.350761311839860582e+03 1.011529684066772461e+00
1.350782145024816828e+03 1.002922177314758301e+00
1.350802978208940203e+03 1.001852273941040039e+00
1.350823811392203879e+03 1.005328178405761719e+00
1.350844644574594213e+03 9.976035356521606445e-01
1.350865477756112114e+03 1.005624175071716309e+00
1.350886310936771679e+03 1.003191709518432617e+00
1.350907144116603376e+03 9.963955283164978027e-01
1.350948810473965068e+03 1.005131125450134277e+00
1.350969643651617616e+03 1.003797888755798340e+00
1.351011310005257656e+03 1.004293322563171387e+00
1.351032143181427500e+03 9.982992410659790039e-01
1.351052976357296757e+03 9.914773702621459961e-01
1.351073809532972064e+03 9.994528293609619141e-01
1.351115475884178522e+03 9.961507320404052734e-01
1.351136309059927044e+03 9.992277026176452637e-01
1.351157142235913625e+03 1.003198266029357910e+00
1.351177975412238766e+03 1.010061383247375488e+00
1.351219641766277164e+03 9.976581335067749023e-01
1.351240474944152083e+03 9.971714019775390625e-01
1.351282141301938736e+03 9.974858164787292480e-01
1.351344640844319883e+03 1.005812168121337891e+00
1.351365474026697257e+03 9.960964322090148926e-01
1.351407140393756208e+03 9.966284632682800293e-01
1.351427973578363890e+03 9.988303184509277344e-01
1.351448806763620269e+03 1.001124501228332520e+00
1.351469639949455541e+03 9.941784143447875977e-01
1.351490473135792627e+03 1.002726912498474121e+00
1.351511306322542396e+03 1.001389741897583008e+00
1.351532139509609124e+03 9.996486306190490723e-01
1.351552972696890492e+03 1.007697820663452148e+00
1.351573805884281910e+03 9.953808784484863281e-01
1.351615472258955151e+03 1.006122708320617676e+00
1.351636305446020287e+03 1.003385901451110840e+00
1.351677971819079403e+03 1.005188703536987305e+00
1.351719638190078285e+03 1.001736402511596680e+00
1.351740471374598656e+03 1.001276254653930664e+00
1.351802970923501562e+03 9.949359297752380371e-01
1.351823804104784813e+03 9.981988668441772461e-01
1.351844637285194949e+03 1.002593636512756348e+00
1.351865470464735836e+03 1.010326862335205078e+00
1.351886303643422480e+03 9.998618364334106445e-01
1.351907136821285803e+03 9.977162480354309082e-01
1.351927969998371282e+03 9.965141415596008301e-01
1.351948803174735758e+03 1.007448673248291016e+00
1.351969636350447217e+03 9.952895045280456543e-01
1.351990469525586832e+03 1.002969264984130859e+00
1.352032135874509549e+03 1.003363609313964844e+00
1.352052969048491150e+03 9.971712231636047363e-01
1.352073802222295171e+03 9.996165037155151367e-01
1.352094635396028480e+03 9.973002076148986816e-01
1.352115468569801806e+03 9.962197542190551758e-01
1.352157134917896656e+03 9.989407658576965332e-01
1.352219634442900542e+03 9.985682368278503418e-01
1.352240467619010360e+03 1.004675507545471191e+00
1.352261300795789793e+03 9.995168447494506836e-01
1.352282133973292048e+03 1.005114793777465820e+00
1.352302967151555549e+03 1.012281417846679688e+00
1.352323800330603945e+03 1.002405762672424316e+00
1.352344633510448602e+03 1.007912755012512207e+00
1.352365466691087704e+03 9.904600977897644043e-01
1.352386299872501468e+03 9.931017160415649414e-01
1.352407133054659880e+03 1.002855300903320312e+00
1.352427966237515648e+03 1.005964517593383789e+00
1.352448799421013064e+03 1.011536121368408203e+00
1.352469632605080051e+03 1.003070950508117676e+00
1.352490465789638620e+03 9.971681833267211914e-01
1.352511298974598731e+03 9.950337409973144531e-01
1.352532132159865114e+03 9.994924664497375488e-01
1.352552965345332950e+03 9.872215390205383301e-01
1.352573798530897648e+03 1.000017166137695312e+00
1.352594631716447793e+03 9.919711351394653320e-01
1.352615464901874930e+03 9.931035041809082031e-01
1.352636298087072419e+03 1.005476593971252441e+00
1.352657131271934531e+03 1.002557158470153809e+00
1.352677964456360087e+03 9.969002008438110352e-01
1.352719630823544776e+03 1.005629897117614746e+00
1.352740464006144748e+03 9.957381486892700195e-01
1.352761297187993478e+03 1.005210041999816895e+00
1.352823796728599063e+03 1.012795209884643555e+00
1.352844629907072658e+03 1.008572101593017578e+00
1.352865463084678595e+03 9.898576140403747559e-01
1.352886296261435064e+03 1.008263707160949707e+00
1.352907129437374579e+03 9.950093626976013184e-01
1.352927962612543979e+03 9.953879117965698242e-01
1.352948795787001018e+03 1.015308618545532227e+00
1.352969628960815726e+03 1.001092791557312012e+00
1.352990462134070867e+03 9.944641590118408203e-01
1.353011295306855573e+03 9.968993663787841797e-01
1.353032128479266248e+03 9.905033111572265625e-01
1.353052961651405212e+03 9.939072132110595703e-01
1.353115461167278681e+03 1.009364604949951172e+00
1.353136294339417645e+03 1.008512377738952637e+00
1.353157127511824456e+03 1.001260161399841309e+00
