1.438243472381298943e+03 9.968299865722656250e-01
1.438264305931475064e+03 9.986512064933776855e-01
1.438285139481650731e+03 9.948880672454833984e-01
1.438305973031593567e+03 9.979796409606933594e-01
1.438326806581536857e+03 9.979480504989624023e-01
1.438347640131247545e+03 1.003033518791198730e+00
1.438368473680492571e+03 9.975575804710388184e-01
1.438389307229505221e+03 1.000612258911132812e+00
1.438410140778284585e+03 9.961690306663513184e-01
1.438430974326597607e+03 1.003732681274414062e+00
1.438451807874445421e+03 1.001778125762939453e+00
1.438472641421827802e+03 9.989034533500671387e-01
1.438493474968743612e+03 1.000594019889831543e+00
1.438514308515193989e+03 1.001310467720031738e+00
1.438535142060947237e+03 9.942647814750671387e-01
1.438555975606234824e+03 9.945434927940368652e-01
1.438576809151055159e+03 1.002138853073120117e+00
1.438597642695177910e+03 1.000742435455322266e+00
1.438618476238601943e+03 1.001780152320861816e+00
1.438639309781327029e+03 1.003631949424743652e+00
1.438660143323354305e+03 1.007894515991210938e+00
1.438680976864915920e+03 9.962035417556762695e-01
1.438701810405545984e+03 9.976914525032043457e-01
1.438722643945478467e+03 9.995775222778320312e-01
1.438743477484711548e+03 9.978799819946289062e-01
1.438764311023245682e+03 9.955147504806518555e-01
1.438785144561082006e+03 9.964369535446166992e-01
1.438805978097987008e+03 9.903819561004638672e-01
1.438826811634425439e+03 9.972367286682128906e-01
1.438847645169700627e+03 9.984591007232666016e-01
1.438868478704278004e+03 9.929603338241577148e-01
1.438889312238155981e+03 1.000927925109863281e+00
1.438910145771335692e+03 9.999668598175048828e-01
1.438930979303584081e+03 1.001500487327575684e+00
1.438951812834900238e+03 1.000067114830017090e+00
1.438972646365518813e+03 9.942425489425659180e-01
1.438993479895205837e+03 1.004153370857238770e+00
1.439014313424193915e+03 1.000000000000000000e+00
1.439035146952252035e+03 1.003458857536315918e+00
1.439055980479378832e+03 1.006893038749694824e+00
1.439076814005805545e+03 9.977557063102722168e-01
1.439097647531301845e+03 1.003183841705322266e+00
1.439118481056099426e+03 1.006114125251770020e+00
1.439139314579965230e+03 1.000195264816284180e+00
1.439160148102900393e+03 1.002170681953430176e+00
1.439180981624904234e+03 1.000273585319519043e+00
1.439201815146209356e+03 1.000704288482666016e+00
1.439222648666584064e+03 1.006672859191894531e+00
1.439243482186259371e+03 9.951075315475463867e-01
1.439264315704770070e+03 9.896745681762695312e-01
1.439285149222582959e+03 9.980427622795104980e-01
1.439305982739697356e+03 1.000026702880859375e+00
1.439326816255647373e+03 1.003597140312194824e+00
1.439347649770899125e+03 9.957073330879211426e-01
1.439368483285219554e+03 9.990153908729553223e-01
1.439389316798841946e+03 9.977689385414123535e-01
1.439410150311532561e+03 9.954653978347778320e-01
1.439430983823291172e+03 1.000113606452941895e+00
1.439451817334118914e+03 1.000906944274902344e+00
1.439472650844015561e+03 1.002241373062133789e+00
1.439493484353212807e+03 1.004722714424133301e+00
1.439514317861479640e+03 1.002644777297973633e+00
1.439535151369048663e+03 1.005767107009887695e+00
1.439555984875686136e+03 1.002053022384643555e+00
1.439576818381391831e+03 1.002867698669433594e+00
1.439597651886165522e+03 9.972411990165710449e-01
1.439618485390241403e+03 1.003690600395202637e+00
1.439639318893385735e+03 1.001099944114685059e+00
1.439660152395598971e+03 9.999545216560363770e-01
1.439680985897113715e+03 1.002603173255920410e+00
1.439701819397696909e+03 1.001152396202087402e+00
1.439722652897349690e+03 9.899536371231079102e-01
1.439743486396070239e+03 1.002706289291381836e+00
1.439764319894091841e+03 9.989182949066162109e-01
1.439785153391415633e+03 9.959777593612670898e-01
1.439805986887575273e+03 9.958366155624389648e-01
1.439826820383036193e+03 9.989606738090515137e-01
1.439847653877798848e+03 9.968072772026062012e-01
1.439868487371397350e+03 9.933244585990905762e-01
1.439889320864297815e+03 1.001282334327697754e+00
1.439910154356499334e+03 1.006898760795593262e+00
1.439930987847769302e+03 1.000956535339355469e+00
1.439951821338108175e+03 1.001959800720214844e+00
1.439972654827515044e+03 1.003159642219543457e+00
1.439993488316456933e+03 1.000184059143066406e+00
1.440014321804234442e+03 9.955969452857971191e-01
1.440035155291314368e+03 1.005849003791809082e+00
1.440055988777462971e+03 1.037004232406616211e+00
1.440076822262911492e+03 1.022073507308959961e+00
1.440097655747429599e+03 1.002915143966674805e+00
1.440118489231016156e+03 1.000826716423034668e+00
1.440139322713904448e+03 9.982901811599731445e-01
1.440160156196094249e+03 9.951682090759277344e-01
1.440180989677352500e+03 9.962022304534912109e-01
1.440201823157680337e+03 9.959122538566589355e-01
1.440222656637309001e+03 9.965628981590270996e-01
1.440243490116006342e+03 9.953042864799499512e-01
1.440264323594004964e+03 9.944241642951965332e-01
1.440285157071072490e+03 9.991807937622070312e-01
1.440305990547441525e+03 1.002520799636840820e+00
1.440326824022879009e+03 9.961128234863281250e-01
1.440347657497618229e+03 1.002496242523193359e+00
1.440368490971426127e+03 1.000435590744018555e+00
1.440389324444535987e+03 9.982278347015380859e-01
1.440410157916714070e+03 1.003862500190734863e+00
1.440430991388193434e+03 9.982898831367492676e-01
1.440451824858974533e+03 1.001028418540954590e+00
1.440472658328824309e+03 1.008069157600402832e+00
1.440493491797742536e+03 1.004607319831848145e+00
1.440514325265961816e+03 9.989089965820312500e-01
1.440535158733483968e+03 1.000060439109802246e+00
1.440555992200074797e+03 9.913088083267211914e-01
1.440576825665733395e+03 9.887362718582153320e-01
1.440597659130926559e+03 9.988388419151306152e-01
1.440618492595188400e+03 9.999982714653015137e-01
1.440639326058518691e+03 9.970076680183410645e-01
1.440660159521150717e+03 1.001586556434631348e+00
1.440680992983084252e+03 9.968084096908569336e-01
1.440701826444086237e+03 9.968069791793823242e-01
1.440722659904390639e+03 9.994564056396484375e-01
1.440743493363762809e+03 1.002432107925415039e+00
1.440764326822436715e+03 9.969777464866638184e-01
1.440785160280412128e+03 9.988036155700683594e-01
1.440805993737455992e+03 9.981557130813598633e-01
1.440826827193801591e+03 1.003616094589233398e+00
1.440847660649448699e+03 9.988459348678588867e-01
1.440868494104164256e+03 1.003322839736938477e+00
1.440889327558182231e+03 9.987359642982482910e-01
1.440910161011268883e+03 1.008575916290283203e+00
1.440930994463656134e+03 1.003757119178771973e+00
1.440951827915345120e+03 1.004782438278198242e+00
1.440972661366334933e+03 1.002992630004882812e+00
1.440993494816394104e+03 1.002590775489807129e+00
1.441014328265754557e+03 9.944785833358764648e-01
1.441055995162148065e+03 9.928232431411743164e-01
1.441076828609181121e+03 9.986093044281005859e-01
1.441139328945388570e+03 9.924040436744689941e-01
1.441180995832701228e+03 1.007438182830810547e+00
1.441201829275076761e+03 9.950045347213745117e-01
1.441222662716754712e+03 9.985525608062744141e-01
1.441243496157501340e+03 9.989956617355346680e-01
1.441285163037130360e+03 1.002352356910705566e+00
1.441305996475780830e+03 1.002985239028930664e+00
1.441326829913499751e+03 1.001148462295532227e+00
1.441347663350753237e+03 1.007494568824768066e+00
1.441368496787075401e+03 1.009305357933044434e+00
1.441389330222699755e+03 1.002298474311828613e+00
1.441410163657392559e+03 1.003546714782714844e+00
1.441430997091619247e+03 1.005525946617126465e+00
1.441451830524914385e+03 1.004252433776855469e+00
1.441472663957511259e+03 9.963901042938232422e-01
1.441493497389176810e+03 9.993773698806762695e-01
1.441514330820376472e+03 9.950177669525146484e-01
1.441535164250645039e+03 9.968804121017456055e-01
1.441555997680215796e+03 9.970984458923339844e-01
1.441576831109087834e+03 1.000036120414733887e+00
1.441597664537260925e+03 9.985248446464538574e-01
1.441618497964502694e+03 9.968437552452087402e-01
1.441639331391045744e+03 9.985816478729248047e-01
1.441660164816890529e+03 9.970353841781616211e-01
1.441680998242036821e+03 9.968006610870361328e-01
1.441701831666484395e+03 1.001108765602111816e+00
1.441722665090001556e+03 9.990490674972534180e-01
1.441743498513053055e+03 1.004348158836364746e+00
1.441764331935172322e+03 9.994804859161376953e-01
1.441785165356593325e+03 1.000150322914123535e+00
1.441805998777315835e+03 1.006599664688110352e+00
1.441826832197106796e+03 1.003452181816101074e+00
1.441847665616432323e+03 1.004076123237609863e+00
1.441868499034826527e+03 1.005249023437500000e+00
1.441889332452522922e+03 1.007906913757324219e+00
1.441910165869520597e+03 9.996108412742614746e-01
1.441930999285819325e+03 9.985264539718627930e-01
1.441951832701419562e+03 9.962024688720703125e-01
1.441972666116088931e+03 9.964844584465026855e-01
1.441993499530292183e+03 9.993282556533813477e-01
1.442014332943564114e+03 9.976925849914550781e-01
1.442035166356137324e+03 9.960620999336242676e-01
1.442055999768012953e+03 9.979518651962280273e-01
1.442076833179190089e+03 9.893989562988281250e-01
1.442097666589667824e+03 9.981862306594848633e-01
1.442118499999447295e+03 9.984264373779296875e-01
1.442139333408295442e+03 9.972640275955200195e-01
1.442160166816677702e+03 9.979185461997985840e-01
1.442181000224128866e+03 1.002262711524963379e+00
1.442201833630881538e+03 1.003053069114685059e+00
1.442222667036936400e+03 1.003397703170776367e+00
1.442243500442293225e+03 9.986097812652587891e-01
1.442264333846950422e+03 1.003039360046386719e+00
1.442285167250909126e+03 1.001304984092712402e+00
1.442306000653936280e+03 1.006232261657714844e+00
1.442326834056498001e+03 1.002359628677368164e+00
1.442347667458128399e+03 1.000823736190795898e+00
1.442368500859292908e+03 1.002302885055541992e+00
1.442389334259527004e+03 9.956865906715393066e-01
1.442410167659062608e+03 9.924868345260620117e-01
1.442431001057899493e+03 9.951207041740417480e-01
1.442451834456037432e+03 9.913712739944458008e-01
1.442472667853476651e+03 9.974054098129272461e-01
1.442493501250217605e+03 1.000055432319641113e+00
1.442514334646260068e+03 1.001541137695312500e+00
1.442535168041603811e+03 9.976748228073120117e-01
1.442556001436017141e+03 9.923163056373596191e-01
1.442576834829965492e+03 9.962419867515563965e-01
1.442597668223213986e+03 1.005369544029235840e+00
1.442618501615530931e+03 1.002360701560974121e+00
1.442639335007149612e+03 1.001227498054504395e+00
1.442660168398302631e+03 1.002699136734008789e+00
1.442681001788524100e+03 9.949588775634765625e-01
1.442701835178047304e+03 9.994047284126281738e-01
1.442722668566873381e+03 1.000954627990722656e+00
1.442743501955000283e+03 1.007024168968200684e+00
1.442764335342427785e+03 1.000061511993408203e+00
1.442785168729157022e+03 1.003224253654479980e+00
1.442806002115187766e+03 1.007511496543884277e+00
1.442826835500520474e+03 1.005153417587280273e+00
1.442847668885154235e+03 1.000707507133483887e+00
1.442868502269089277e+03 9.948174357414245605e-01
1.442889335652326736e+03 9.960262179374694824e-01
1.442910169034632872e+03 1.000628709793090820e+00
1.442931002416472438e+03 9.994016289710998535e-01
1.442951835797613739e+03 9.933995604515075684e-01
1.442972669177824400e+03 9.983153343200683594e-01
1.442993502557568718e+03 9.993886351585388184e-01
1.443014335936614316e+03 9.990458488464355469e-01
1.443035169314728819e+03 9.983838796615600586e-01
1.443056002692378343e+03 1.005539178848266602e+00
1.443076836069097226e+03 9.963976144790649414e-01
1.443097669445348856e+03 1.001571774482727051e+00
1.443118502820669391e+03 9.996671676635742188e-01
1.443139336195291435e+03 9.985720515251159668e-01
1.443160169569447589e+03 9.982499480247497559e-01
1.443181002942673331e+03 1.001204729080200195e+00
1.443201836315199671e+03 1.006903052330017090e+00
1.443222669687261259e+03 1.009419918060302734e+00
1.443243503058392207e+03 1.004988551139831543e+00
1.443264336428823299e+03 1.003232836723327637e+00
1.443285169798788502e+03 1.003471612930297852e+00
1.443306003167822610e+03 1.000445246696472168e+00
1.443326836536158225e+03 9.995809197425842285e-01
1.443347669904028635e+03 9.977540373802185059e-01
1.443368503270967267e+03 9.964540600776672363e-01
1.443389336637208089e+03 9.928413033485412598e-01
1.443410170002750419e+03 9.978963136672973633e-01
1.443431003367826179e+03 9.955189228057861328e-01
1.443451836731971525e+03 1.001590609550476074e+00
1.443472670095417470e+03 9.962746500968933105e-01
1.443493503458165151e+03 9.963143467903137207e-01
1.443514336820447852e+03 9.990649819374084473e-01
1.443535170181798549e+03 9.965479969978332520e-01
1.443556003542451208e+03 1.000569343566894531e+00
1.443576836902406285e+03 1.000161767005920410e+00
1.443597670261661278e+03 9.996576905250549316e-01
1.443618503620450838e+03 1.003546237945556641e+00
1.443639336978309075e+03 1.001606345176696777e+00
1.443660170335468592e+03 1.004202127456665039e+00
1.443681003692163358e+03 1.001606702804565430e+00
1.443701837047926119e+03 1.004948377609252930e+00
1.443722670402990843e+03 1.009906172752380371e+00
1.443743503757357985e+03 1.004200458526611328e+00
1.443764337111258101e+03 9.982832670211791992e-01
1.443785170464226667e+03 9.993030428886413574e-01
1.443806003816497650e+03 1.003455519676208496e+00
1.443826837168302291e+03 9.972340464591979980e-01
1.443847670519175608e+03 9.928627014160156250e-01
1.443868503869351116e+03 9.935473799705505371e-01
1.443889337219060735e+03 1.001274704933166504e+00
1.443910170567839259e+03 9.956471920013427734e-01
1.443931003916151440e+03 1.002136588096618652e+00
1.443951837263532070e+03 1.000593781471252441e+00
1.443972670610447949e+03 9.955872893333435059e-01
1.443993503956431596e+03 9.962862133979797363e-01
1.444014337301949809e+03 1.003700137138366699e+00
1.444076837333849653e+03 1.006435275077819824e+00
1.444097670676574580e+03 1.008611559867858887e+00
1.444118504018367275e+03 1.003864645957946777e+00
1.444139337359694537e+03 1.000418901443481445e+00
1.444160170700323988e+03 1.002459168434143066e+00
1.444181004040021435e+03 1.005106329917907715e+00
1.444201837379252993e+03 9.982922673225402832e-01
1.444222670717787651e+03 1.004326581954956055e+00
1.444243504055623134e+03 1.000273704528808594e+00
1.444264337392526613e+03 9.957439303398132324e-01
1.444285170728964886e+03 9.941269755363464355e-01
1.444306004064704211e+03 9.883490204811096191e-01
1.444326837399744818e+03 9.942034482955932617e-01
1.444347670734087842e+03 9.993652701377868652e-01
1.444368504067499543e+03 1.000998258590698242e+00
1.444389337400444674e+03 1.001736879348754883e+00
1.444410170732692222e+03 9.993842840194702148e-01
1.444431004064241961e+03 9.983772039413452148e-01
1.444451837395091843e+03 9.969762563705444336e-01
1.444472670725243006e+03 9.996683597564697266e-01
1.444493504054696587e+03 1.003536701202392578e+00
1.444514337383450766e+03 1.007350206375122070e+00
1.444535170711739511e+03 9.996270537376403809e-01
1.444556004039097616e+03 1.005291223526000977e+00
1.444576837365757228e+03 1.002823352813720703e+00
1.444597670691718122e+03 1.001647233963012695e+00
1.444618504016980751e+03 1.002848505973815918e+00
1.444639337341544888e+03 1.003264904022216797e+00
1.444660170665642454e+03 1.005265951156616211e+00
1.444681003988808925e+03 9.955479502677917480e-01
1.444701837311277586e+03 9.962141513824462891e-01
1.444722670633279904e+03 9.972863793373107910e-01
1.444743503954351354e+03 9.949296712875366211e-01
1.444764337274725222e+03 9.982495903968811035e-01
1.444785170594631836e+03 9.956345558166503906e-01
1.444806003913607356e+03 1.000083327293395996e+00
1.444826837232117896e+03 1.001845598220825195e+00
1.444847670549697114e+03 9.969850778579711914e-01
1.444868503866809988e+03 9.991465210914611816e-01
1.444889337182991312e+03 9.994030594825744629e-01
1.444910170498708567e+03 9.975016713142395020e-01
1.444931003813493589e+03 9.968181848526000977e-01
1.444951837127812496e+03 9.967817664146423340e-01
1.444972670441433593e+03 1.001142024993896484e+00
1.444993503754123140e+03 1.000243782997131348e+00
1.445014337066346570e+03 9.991009235382080078e-01
1.445035170377871509e+03 1.001811623573303223e+00
1.445056003688465807e+03 1.002168178558349609e+00
1.445076836998594217e+03 1.005003452301025391e+00
1.445097670308024362e+03 1.005107998847961426e+00
1.445118503616756016e+03 1.006604194641113281e+00
1.445139336924556119e+03 9.983270168304443359e-01
1.445160170231890106e+03 1.000271677970886230e+00
1.445181003538525601e+03 9.973351955413818359e-01
1.445201836844463287e+03 1.000450491905212402e+00
1.445222670149702253e+03 9.954946041107177734e-01
1.445243503454242955e+03 9.919939637184143066e-01
1.445264336758084937e+03 9.967502951622009277e-01
1.445285170060995824e+03 9.945157766342163086e-01
1.445306003363441050e+03 1.000985026359558105e+00
1.445326836665186875e+03 9.959766864776611328e-01
1.445347669966234434e+03 9.979788661003112793e-01
1.445368503266584185e+03 9.968424439430236816e-01
1.445389336566234761e+03 1.003287434577941895e+00
1.445410169865187299e+03 9.999198317527770996e-01
1.445431003163442256e+03 1.000319957733154297e+00
1.445451836460998038e+03 1.000722765922546387e+00
1.445472669757854419e+03 1.000577092170715332e+00
1.445493503054012535e+03 1.008345127105712891e+00
1.445514336349472842e+03 1.004211902618408203e+00
1.445535169644234429e+03 1.001910924911499023e+00
1.445556002938529900e+03 1.002824902534484863e+00
1.445576836231894731e+03 9.992845058441162109e-01
1.445597669524561752e+03 1.000058531761169434e+00
1.445618502816529372e+03 9.994392991065979004e-01
1.445639336107798044e+03 9.995257258415222168e-01
1.445660169398367998e+03 1.002664685249328613e+00
1.445681002688240369e+03 9.960359930992126465e-01
1.445701835977414248e+03 9.975691437721252441e-01
1.445722669265889635e+03 9.936192035675048828e-01
1.445743502553666531e+03 9.953491091728210449e-01
1.445764335840744707e+03 9.946578145027160645e-01
1.445785169127124618e+03 9.980517625808715820e-01
1.445806002412805810e+03 1.000405907630920410e+00
1.445826835697788056e+03 1.003770112991333008e+00
1.445847668982071809e+03 1.000044465065002441e+00
1.445868502265657753e+03 1.001506209373474121e+00
1.445889335548544977e+03 1.003231525421142578e+00
1.445910168830733937e+03 9.999431967735290527e-01
1.445931002112224178e+03 1.003656625747680664e+00
1.445951835393016154e+03 1.006321787834167480e+00
1.445972668673109638e+03 1.000060200691223145e+00
1.445993501952504630e+03 1.006543755531311035e+00
1.446014335231200221e+03 9.999884366989135742e-01
1.446035168509197547e+03 1.000993490219116211e+00
1.446056001786497063e+03 9.995306134223937988e-01
1.446076835063098770e+03 1.001718521118164062e+00
1.446097668339001075e+03 9.976713061332702637e-01
1.446118501613971603e+03 9.913316965103149414e-01
1.446139334888477151e+03 9.959558844566345215e-01
1.446160168162283981e+03 9.917368292808532715e-01
1.446181001435392545e+03 9.924077391624450684e-01
1.446201834707569105e+03 1.001780033111572266e+00
1.446222667979279777e+03 9.985236525535583496e-01
1.446243501250060717e+03 9.989140033721923828e-01
1.446264334520375996e+03 9.929504990577697754e-01
1.446285167789992101e+03 9.977008104324340820e-01
1.446306001058675974e+03 9.990668892860412598e-01
1.446326834326661583e+03 1.001143693923950195e+00
1.446347667594181985e+03 1.004065632820129395e+00
1.446368500860771292e+03 1.003571629524230957e+00
1.446389334126894937e+03 9.985985755920410156e-01
1.446410167392087260e+03 1.000316262245178223e+00
1.446431000656580864e+03 1.006271839141845703e+00
1.446451833920376203e+03 1.007009387016296387e+00
1.446472667183473050e+03 1.002061247825622559e+00
1.446493500445871177e+03 9.993170499801635742e-01
1.446514333707570358e+03 9.985444545745849609e-01
1.446535166968571048e+03 1.002100944519042969e+00
1.446556000228873927e+03 9.972988367080688477e-01
1.446576833488478769e+03 1.004176974296569824e+00
1.446597666747385347e+03 1.001717090606689453e+00
1.446618500005359692e+03 9.992733001708984375e-01
1.446639333262867922e+03 1.000195503234863281e+00
1.446660166519444829e+03 9.935972094535827637e-01
1.446680999775556757e+03 9.998157024383544922e-01
1.446701833030737362e+03 9.940779209136962891e-01
1.446722666285219248e+03 9.972603917121887207e-01
1.446743499539235700e+03 1.001772880554199219e+00
1.446764332792320602e+03 9.987683892250061035e-01
1.446785166044707239e+03 1.001023173332214355e+00
1.446805999296395385e+03 1.002469182014465332e+00
1.446826832547152208e+03 1.004392027854919434e+00
1.446847665797443142e+03 1.004693984985351562e+00
1.446868499047035129e+03 1.002123117446899414e+00
1.446889332295695567e+03 1.000265955924987793e+00
1.446910165543891935e+03 1.003218770027160645e+00
1.446930998791156981e+03 1.001570105552673340e+00
1.446951832037722852e+03 1.000145554542541504e+00
1.446972665283823062e+03 9.947417378425598145e-01
1.446993498528991040e+03 1.000181794166564941e+00
1.447014331773460754e+03 9.957959651947021484e-01
1.447055998260073011e+03 9.960906505584716797e-01
1.447076831502448613e+03 9.983246326446533203e-01
1.447097664743892892e+03 9.926889538764953613e-01
1.447118497984637088e+03 1.000770092010498047e+00
1.447139331224915850e+03 9.999614953994750977e-01
1.447160164464263971e+03 1.006702184677124023e+00
1.447180997702913373e+03 1.001996278762817383e+00
1.447201830940631680e+03 9.999293684959411621e-01
1.447222664177884326e+03 1.001329064369201660e+00
1.447243497414438934e+03 1.004648566246032715e+00
1.447264330650061765e+03 9.966859221458435059e-01
1.447285163884985423e+03 1.010529518127441406e+00
1.447305997119211042e+03 9.949526190757751465e-01
1.447326830352738398e+03 1.007378220558166504e+00
1.447347663585567261e+03 1.001524329185485840e+00
1.447368496817464802e+03 1.002960562705993652e+00
1.447389330048896682e+03 1.004742622375488281e+00
1.447410163279397011e+03 1.001501321792602539e+00
1.447430996509199076e+03 1.004156589508056641e+00
1.447451829738302422e+03 9.998488426208496094e-01
1.447472662966707503e+03 9.971197843551635742e-01
1.447493496194414092e+03 9.940304160118103027e-01
1.447514329421189359e+03 9.972039461135864258e-01
1.447535162647265906e+03 9.983745217323303223e-01
1.447555995872643507e+03 9.997282624244689941e-01
1.447576829097323298e+03 9.992575645446777344e-01
1.447597662321305052e+03 1.000061035156250000e+00
1.447618495544355028e+03 9.992856383323669434e-01
1.447639328766939343e+03 9.908329248428344727e-01
1.447660161988592336e+03 9.963139295578002930e-01
1.447680995209313778e+03 9.971309304237365723e-01
1.447701828429569787e+03 9.980986118316650391e-01
1.447722661649126621e+03 9.989648461341857910e-01
1.447743494867751906e+03 1.003193378448486328e+00
1.447764328085680290e+03 1.005329251289367676e+00
1.447785161302910183e+03 1.000762939453125000e+00
1.447805994519208070e+03 1.001690387725830078e+00
1.447826827734807239e+03 1.000855684280395508e+00
1.447847660949708143e+03 1.002217650413513184e+00
1.447868494163910327e+03 1.000325083732604980e+00
1.447889327377414247e+03 1.000762224197387695e+00
1.447910160589986162e+03 1.000164508819580078e+00
1.447930993801860041e+03 1.001622557640075684e+00
1.447951827013036336e+03 1.001615881919860840e+00
1.447972660223513458e+03 9.954052567481994629e-01
1.447993493433059257e+03 9.979813694953918457e-01
1.448014326641906337e+03 9.912952780723571777e-01
1.448035159850055152e+03 1.002506375312805176e+00
1.448055993057505475e+03 9.990016222000122070e-01
1.448076826264024476e+03 9.973041415214538574e-01
1.448097659469844757e+03 1.000447511672973633e+00
1.448118492674966774e+03 1.000413060188293457e+00
1.448139325879390299e+03 9.999587535858154297e-01
1.448160159082882274e+03 9.991501569747924805e-01
1.448180992285675984e+03 1.006548404693603516e+00
1.448201825487538372e+03 1.003530621528625488e+00
1.448222658688935098e+03 1.003206729888916016e+00
1.448243491889400275e+03 1.002891302108764648e+00
1.448264325088935038e+03 1.006111621856689453e+00
1.448285158288003913e+03 1.003069877624511719e+00
1.448305991486141011e+03 1.000165104866027832e+00
1.448326824683578934e+03 9.995253086090087891e-01
1.448347657880085535e+03 1.002014636993408203e+00
1.448368491076127157e+03 1.004906892776489258e+00
1.448389324271004398e+03 1.002833485603332520e+00
1.448410157465416205e+03 9.945499897003173828e-01
1.448430990658897372e+03 9.943566322326660156e-01
1.448451823851679819e+03 9.971687197685241699e-01
1.448472657043763320e+03 9.949053525924682617e-01
1.448493490234915498e+03 1.000220537185668945e+00
1.448514323425368957e+03 9.954123497009277344e-01
1.448535156615124151e+03 9.993722438812255859e-01
1.448555989803948023e+03 1.000290632247924805e+00
1.448576822992073176e+03 9.997001290321350098e-01
1.448597656179267233e+03 1.002347826957702637e+00
1.448618489365762798e+03 1.000674486160278320e+00
1.448639322551559871e+03 1.001095890998840332e+00
1.448660155736658226e+03 1.005306601524353027e+00
1.448680988920825484e+03 1.000185966491699219e+00
1.448701822104294024e+03 1.002787828445434570e+00
1.448722655286831468e+03 1.004783630371093750e+00
1.448743488468670421e+03 9.970350265502929688e-01
1.448764321649811563e+03 1.003151059150695801e+00
1.448785154830254214e+03 1.000026345252990723e+00
1.448805988009764633e+03 9.988554120063781738e-01
1.448826821188343956e+03 1.002132534980773926e+00
1.448847654366457391e+03 1.002273201942443848e+00
1.448868487543639731e+03 1.000002264976501465e+00
1.448889320719890748e+03 9.922994971275329590e-01
1.448910153895676103e+03 9.954217076301574707e-01
1.448930987070530136e+03 9.971474409103393555e-01
1.448951820244452620e+03 9.959070086479187012e-01
1.448972653417676838e+03 9.965488910675048828e-01
1.448993486590202338e+03 9.985776543617248535e-01
1.449014319762029572e+03 1.001407861709594727e+00
1.449035152932925484e+03 9.998125433921813965e-01
1.449055986103122905e+03 1.000897765159606934e+00
1.449076819272388775e+03 1.001395940780639648e+00
1.449097652441189894e+03 1.003203749656677246e+00
1.449118485609059690e+03 1.003795146942138672e+00
1.449139318775997253e+03 1.006421446800231934e+00
1.449160151942236553e+03 1.000250101089477539e+00
1.449180985107777360e+03 9.984282851219177246e-01
1.449201818272619676e+03 1.002660751342773438e+00
1.449222651436763272e+03 1.002316474914550781e+00
1.449243484599975773e+03 9.993270635604858398e-01
1.449264317762490464e+03 9.999336004257202148e-01
1.449285150924073605e+03 1.002057194709777832e+00
1.449305984085190630e+03 1.000471353530883789e+00
1.449326817245376333e+03 9.953790307044982910e-01
1.449347650404863543e+03 9.962552189826965332e-01
1.449368483563652035e+03 9.961900711059570312e-01
1.449389316721509431e+03 9.930554628372192383e-01
1.449410149878901166e+03 9.990664124488830566e-01
1.449430983035362260e+03 9.944833517074584961e-01
1.449451816191124635e+03 9.963573217391967773e-01
1.449472649346187382e+03 9.980529546737670898e-01
1.449493482500551636e+03 9.984135627746582031e-01
1.449514315654450684e+03 1.004479885101318359e+00
1.449535148807418636e+03 1.003632187843322754e+00
1.449555981959687870e+03 1.005347013473510742e+00
1.449576815111258838e+03 1.000514149665832520e+00
1.449597648262131997e+03 1.001014709472656250e+00
1.449618481412306664e+03 1.002416610717773438e+00
1.449639314562014988e+03 1.002326726913452148e+00
1.449660147711024592e+03 1.004325628280639648e+00
1.449680980859335932e+03 1.003913760185241699e+00
1.449701814006948553e+03 1.003137946128845215e+00
1.449722647154095739e+03 1.006691098213195801e+00
1.449743480300544434e+03 1.003352880477905273e+00
1.449764313446528149e+03 1.001524567604064941e+00
1.449785146592046203e+03 1.001541852951049805e+00
1.449805979736864856e+03 9.958609342575073242e-01
1.449826812880985244e+03 9.966207146644592285e-01
1.449847646024872574e+03 9.929900169372558594e-01
1.449868479168061640e+03 9.989010691642761230e-01
1.449889312311017875e+03 1.006203174591064453e+00
1.449910145453275618e+03 9.946898221969604492e-01
1.449930978595300985e+03 9.936127066612243652e-01
1.449951811736860918e+03 1.007329702377319336e+00
1.449972644878187339e+03 9.964512586593627930e-01
1.449993478019047870e+03 9.988058209419250488e-01
1.450014311159675799e+03 9.988125562667846680e-01
1.450055977440233164e+03 9.970282912254333496e-01
1.450076810580162373e+03 1.000562787055969238e+00
1.451576800890509276e+03 1.001661300659179688e+00
1.451597634158154733e+03 9.924530386924743652e-01
1.451618467425567815e+03 9.996252059936523438e-01
1.451639300693213954e+03 9.893687367439270020e-01
1.451660133960394433e+03 9.983840584754943848e-01
1.451680967227574229e+03 9.936540722846984863e-01
1.451701800494521876e+03 9.914925098419189453e-01
1.451722633761004545e+03 9.968562722206115723e-01
1.451743467027020870e+03 9.997522234916687012e-01
1.451764300292803682e+03 9.960740804672241211e-01
1.451785133558120833e+03 1.003454208374023438e+00
1.451805966822740174e+03 1.003025054931640625e+00
1.451826800087126685e+03 1.002407908439636230e+00
1.451847633350813794e+03 9.982368350028991699e-01
1.451868466614035469e+03 1.003837108612060547e+00
1.451889299876559335e+03 9.968949556350708008e-01
1.451910133138385390e+03 1.001938939094543457e+00
1.451930966399745103e+03 9.999858140945434570e-01
1.451951799660405641e+03 1.002686619758605957e+00
1.451972632920135538e+03 1.007229447364807129e+00
1.451993466179399775e+03 9.992573261260986328e-01
1.452014299437732006e+03 1.003215074539184570e+00
1.452035132695598350e+03 1.005753636360168457e+00
1.452055965952534279e+03 1.004998087882995605e+00
1.452076799208538887e+03 9.979586005210876465e-01
1.452097632464077833e+03 9.996697902679443359e-01
1.452118465718685457e+03 9.987028837203979492e-01
1.452139298972361757e+03 1.001110792160034180e+00
1.452160132225339567e+03 9.910303950309753418e-01
1.452180965477618201e+03 9.980866909027099609e-01
1.452201798728965514e+03 1.003001689910888672e+00
1.452222631979381958e+03 1.001384973526000977e+00
1.452243465229100138e+03 9.934238791465759277e-01
1.452264298477886996e+03 1.000655889511108398e+00
1.452285131725975361e+03 1.002817392349243164e+00
1.452305964972899574e+03 9.964215159416198730e-01
1.452326798219125294e+03 9.996987581253051758e-01
1.452347631464651840e+03 1.002024769783020020e+00
1.452368464709014233e+03 1.002376914024353027e+00
1.452389297952678817e+03 1.008402943611145020e+00
1.452410131195411850e+03 1.002716898918151855e+00
1.452430964437446619e+03 1.000373959541320801e+00
1.452451797678317234e+03 1.006434202194213867e+00
1.452472630918489358e+03 1.003122091293334961e+00
1.452493464157730159e+03 1.004897952079772949e+00
1.452514297396038955e+03 9.978123903274536133e-01
1.452535130633649260e+03 9.956806898117065430e-01
1.452555963870096093e+03 9.968293905258178711e-01
1.452576797105845117e+03 9.972048997879028320e-01
1.452597630340661908e+03 9.961962699890136719e-01
1.452618463574546922e+03 9.932223558425903320e-01
1.452639296807734127e+03 9.943469166755676270e-01
1.452660130039757178e+03 1.001085042953491211e+00
1.452680963271081055e+03 1.001982808113098145e+00
1.452701796501473609e+03 9.995688796043395996e-01
1.452722629730936205e+03 9.993674755096435547e-01
1.452743462959700310e+03 9.926509857177734375e-01
1.452764296187531727e+03 1.001828074455261230e+00
1.452785129414198991e+03 1.002059340476989746e+00
1.452805962640168218e+03 1.001419186592102051e+00
1.452826795865439180e+03 9.982352852821350098e-01
1.452847629089545990e+03 9.969373941421508789e-01
1.452868462312954307e+03 1.003138303756713867e+00
1.452889295535431302e+03 1.000704646110534668e+00
1.452910128756976974e+03 1.000434994697570801e+00
1.452930961977824154e+03 1.001164913177490234e+00
1.452951795197506499e+03 1.006251335144042969e+00
1.452972628416490352e+03 1.002668976783752441e+00
1.452993461634777077e+03 9.936278462409973145e-01
1.453014294851899649e+03 9.959599971771240234e-01
1.453035128068322138e+03 9.996332526206970215e-01
1.453055961283813531e+03 1.001683115959167480e+00
1.453076794498374284e+03 9.917992949485778809e-01
1.453097627712236545e+03 9.967535734176635742e-01
1.453118460925167483e+03 9.993028044700622559e-01
1.453139294137167099e+03 1.002503633499145508e+00
1.453160127348468222e+03 1.001890897750854492e+00
1.453180960558838024e+03 1.005915284156799316e+00
1.453201793768275820e+03 9.953175187110900879e-01
1.453222626977014897e+03 9.984011650085449219e-01
1.453243460184824244e+03 1.001949071884155273e+00
1.453264293391702267e+03 1.001512885093688965e+00
1.453285126597880435e+03 1.006502747535705566e+00
1.453305959803127280e+03 9.973938465118408203e-01
1.453326793007443484e+03 1.001554846763610840e+00
1.453347626211061879e+03 1.006209969520568848e+00
1.453368459413748269e+03 9.996082186698913574e-01
1.453389292615735485e+03 1.006848096847534180e+00
1.453410125816792061e+03 1.000030636787414551e+00
1.453430959016917086e+03 9.999250173568725586e-01
1.453451792216343165e+03 9.955675601959228516e-01
1.453472625414838603e+03 9.939196705818176270e-01
1.453493458612636232e+03 9.979110956192016602e-01
1.453514291809501856e+03 9.964245557785034180e-01
1.453535125005668306e+03 9.947414994239807129e-01
1.453555958200903433e+03 9.989668130874633789e-01
1.453576791395208602e+03 1.000333786010742188e+00
1.453597624588815279e+03 1.001025915145874023e+00
1.453618457781722100e+03 1.001773118972778320e+00
1.453639290973697371e+03 1.000289678573608398e+00
1.453660124164742228e+03 9.981982111930847168e-01
1.453680957355089276e+03 9.966081976890563965e-01
1.453701790544737150e+03 1.000878453254699707e+00
1.453722623733453020e+03 9.996072053909301758e-01
1.453743456921238248e+03 1.000025272369384766e+00
1.453764290108324985e+03 9.987636804580688477e-01
1.453785123294713230e+03 9.994049072265625000e-01
1.453805956480170153e+03 1.005860686302185059e+00
1.453826789664695752e+03 9.995052814483642578e-01
1.453847622848755464e+03 9.987422227859497070e-01
1.453868456031650567e+03 1.000438570976257324e+00
1.453889289214080691e+03 1.001447200775146484e+00
1.453910122395580174e+03 9.982868432998657227e-01
1.453930955576147653e+03 1.001732468605041504e+00
1.453951788756015958e+03 9.978209733963012695e-01
1.453972621935185771e+03 1.001643538475036621e+00
1.453993455113425625e+03 9.958106279373168945e-01
1.454014288290966988e+03 1.002612352371215820e+00
1.454035121467575664e+03 1.002915740013122559e+00
1.454055954643485620e+03 9.941241741180419922e-01
1.454076787818697994e+03 1.004139780998229980e+00
1.454097620992979728e+03 1.005475163459777832e+00
1.454118454166562969e+03 9.987579584121704102e-01
1.454139287339446355e+03 1.000838637351989746e+00
1.454160120511398418e+03 9.997308254241943359e-01
1.454180953682653353e+03 1.008112668991088867e+00
1.454201786852976966e+03 1.001787781715393066e+00
1.454222620022833325e+03 1.002877473831176758e+00
1.454243453191758590e+03 1.005329370498657227e+00
1.454264286359753214e+03 1.001736044883728027e+00
1.454285119527050028e+03 1.008254528045654297e+00
1.454305952693647669e+03 1.002165794372558594e+00
1.454326785859546135e+03 1.008758664131164551e+00
1.454347619024513961e+03 1.004239559173583984e+00
1.454368452188783976e+03 9.976918101310729980e-01
1.454389285352354818e+03 9.926623702049255371e-01
1.454410118514993655e+03 9.966399073600769043e-01
1.454430951676934683e+03 9.972375631332397461e-01
1.454451784838177900e+03 9.964885711669921875e-01
1.454472617998721717e+03 9.978433251380920410e-01
1.454493451158333755e+03 9.958797097206115723e-01
1.454514284317247984e+03 1.000010490417480469e+00
1.454535117475463721e+03 1.001546382904052734e+00
1.454555950632980966e+03 9.980609416961669922e-01
1.454576783789566889e+03 1.002474069595336914e+00
1.454618450100643258e+03 1.002205729484558105e+00
1.454639283254900874e+03 9.996341466903686523e-01
1.454660116408692829e+03 1.000906944274902344e+00
1.454680949561553234e+03 9.993883371353149414e-01
1.454701782713715374e+03 9.994257092475891113e-01
1.454722615864946192e+03 1.001364827156066895e+00
1.454743449015711349e+03 1.004513502120971680e+00
1.454764282165545183e+03 1.000067114830017090e+00
1.454785115314680525e+03 1.004571318626403809e+00
1.454805948463117375e+03 1.001123428344726562e+00
1.454826781610855733e+03 1.000351667404174805e+00
1.454847614757662768e+03 9.975081682205200195e-01
1.454868447904003915e+03 9.967343211174011230e-01
1.454889281049413967e+03 9.946355819702148438e-01
1.454910114194125526e+03 9.932621121406555176e-01
1.454930947337905764e+03 9.946820139884948730e-01
1.454951780481220339e+03 9.953951239585876465e-01
1.454972613623836423e+03 9.984928369522094727e-01
1.454993446765521185e+03 9.977822303771972656e-01
1.455014279906507454e+03 9.998863935470581055e-01
1.455035113046795914e+03 9.968624711036682129e-01
1.455055946186385199e+03 1.000080227851867676e+00
1.455076779325042480e+03 1.001276969909667969e+00
1.455097612463234555e+03 9.944394230842590332e-01
1.455118445600496216e+03 1.003972887992858887e+00
1.455139278737291534e+03 1.005889892578125000e+00
1.455160111873154847e+03 1.003788232803344727e+00
1.455180945008320350e+03 1.005228877067565918e+00
1.455201778142555213e+03 9.996120333671569824e-01
1.455222611276323732e+03 1.000551939010620117e+00
1.455243444409393078e+03 9.982401728630065918e-01
1.455264277541531783e+03 1.004282712936401367e+00
1.455285110673205509e+03 1.002193927764892578e+00
1.455305943803947685e+03 1.003378033638000488e+00
1.455326776933990232e+03 9.967827796936035156e-01
1.455347610063334969e+03 9.944242835044860840e-01
1.455368443191981896e+03 9.943128228187561035e-01
1.455389276319929650e+03 9.998388290405273438e-01
1.455410109447178229e+03 9.990087747573852539e-01
1.455430942573728998e+03 9.968375563621520996e-01
1.455451775699349128e+03 9.939168095588684082e-01
1.455472608824502913e+03 9.976243972778320312e-01
1.455493441948725376e+03 1.000417947769165039e+00
1.455514275072482178e+03 9.992117285728454590e-01
1.455535108195307657e+03 9.956131577491760254e-01
1.455555941317434417e+03 1.002445936203002930e+00
1.455576774438862913e+03 1.004179716110229492e+00
1.455597607559825747e+03 1.007109999656677246e+00
1.455618440679857258e+03 1.007149100303649902e+00
1.455639273799190960e+03 1.003952622413635254e+00
1.455660106917592657e+03 1.000532269477844238e+00
1.455680940035528010e+03 1.004555702209472656e+00
1.455701773152765554e+03 1.009625434875488281e+00
1.455722606269305288e+03 9.993464350700378418e-01
1.455743439385145848e+03 9.995849132537841797e-01
1.455764272500054176e+03 1.001094460487365723e+00
1.455785105614498434e+03 9.956897497177124023e-01
1.455805938728244200e+03 9.983494877815246582e-01
1.455826771841057280e+03 9.951530694961547852e-01
1.455847604953405380e+03 9.976953864097595215e-01
1.455868438064822840e+03 9.987589716911315918e-01
1.455889271175773956e+03 9.985932111740112305e-01
1.455910104285793068e+03 9.934994578361511230e-01
1.455930937395347200e+03 9.979977607727050781e-01
1.455951770503970693e+03 9.923207163810729980e-01
1.455972603611895011e+03 9.986143112182617188e-01
1.455993436719353440e+03 9.945459961891174316e-01
1.456014269825880774e+03 9.979537129402160645e-01
1.456035102931942447e+03 1.000492811203002930e+00
1.456055936037073479e+03 1.003946423530578613e+00
1.456076769141505338e+03 1.003761410713195801e+00
1.456097602245470853e+03 1.009335875511169434e+00
1.456118435348506409e+03 1.004087924957275391e+00
1.456139268450843474e+03 1.006069898605346680e+00
1.456160101552480683e+03 1.004964351654052734e+00
1.456180934653652912e+03 1.004659295082092285e+00
1.456201767753894273e+03 1.004608154296875000e+00
1.456222600853436688e+03 9.993011951446533203e-01
1.456243433952512760e+03 9.965627193450927734e-01
1.456264267050658191e+03 9.993913173675537109e-01
1.456285100148338643e+03 9.970834851264953613e-01
1.456305933245087090e+03 9.978883862495422363e-01
1.456326766341137045e+03 9.981103539466857910e-01
1.456347599436721339e+03 9.977918863296508789e-01
1.456368432531374310e+03 9.974466562271118164e-01
1.456389265625562302e+03 1.001917600631713867e+00
1.456410098718818062e+03 9.953517317771911621e-01
1.456430931811607707e+03 1.004644632339477539e+00
1.456451764903467392e+03 1.002723336219787598e+00
1.456472597994861417e+03 1.001487493515014648e+00
1.456493431085323436e+03 9.989173412322998047e-01
1.456514264175319795e+03 1.001003861427307129e+00
1.456535097264617661e+03 1.003564357757568359e+00
1.456555930352984205e+03 9.996530413627624512e-01
1.456576763440885770e+03 1.006427884101867676e+00
1.456597596528088161e+03 1.000592708587646484e+00
1.456618429614591378e+03 1.004173517227172852e+00
1.456639262700164636e+03 9.972485899925231934e-01
1.456660095785272006e+03 1.003691911697387695e+00
1.456680928869679747e+03 1.003775238990783691e+00
1.456701761953389678e+03 9.916222691535949707e-01
1.456722595036401799e+03 9.987327456474304199e-01
1.456743428118714746e+03 9.919817447662353516e-01
1.456764261200329202e+03 9.986225962638854980e-01
1.456785094281477996e+03 1.000728368759155273e+00
1.456805927361695467e+03 9.958035349845886230e-01
1.456826760441215129e+03 1.000099778175354004e+00
1.456847593520035616e+03 9.972688555717468262e-01
1.456868426598390215e+03 9.996948242187500000e-01
1.456889259675814401e+03 1.004037261009216309e+00
1.456910092752772243e+03 9.982445836067199707e-01
1.456930925828798763e+03 1.002584457397460938e+00
1.456951758904359622e+03 9.975704550743103027e-01
1.456972591979221988e+03 9.993621110916137695e-01
1.456993425053153715e+03 1.000121712684631348e+00
1.457014258126619097e+03 1.004182219505310059e+00
1.457035091199385306e+03 9.986442923545837402e-01
1.457055924271454387e+03 1.004276871681213379e+00
1.457076757342824976e+03 1.007652640342712402e+00
1.457097590413495709e+03 1.004176378250122070e+00
1.457118423483468405e+03 1.004185438156127930e+00
1.457139256552976349e+03 1.000017762184143066e+00
1.457160089621552970e+03 1.001391649246215820e+00
1.457180922689430417e+03 9.994624853134155273e-01
1.457201755756841521e+03 9.974181056022644043e-01
1.457222588823322667e+03 9.957050681114196777e-01
1.457243421889338151e+03 9.954752326011657715e-01
1.457264254954420949e+03 9.941453933715820312e-01
1.457285088019038767e+03 9.981662034988403320e-01
1.457305921082958776e+03 9.970926046371459961e-01
1.457326754146179610e+03 9.973192214965820312e-01
1.457347587208701725e+03 1.000173807144165039e+00
1.457368420270525576e+03 9.991281628608703613e-01
1.457389253331651616e+03 1.000608086585998535e+00
1.457410086392079165e+03 9.995668530464172363e-01
1.457430919452039689e+03 1.003031253814697266e+00
1.457451752511069571e+03 1.002860307693481445e+00
1.457472585569401645e+03 1.002131342887878418e+00
1.457493418627267374e+03 1.001368165016174316e+00
1.457514251684434612e+03 1.002074837684631348e+00
1.457535084740670527e+03 1.005253195762634277e+00
1.457555917796441463e+03 1.002946734428405762e+00
1.457576750851513680e+03 9.980158209800720215e-01
1.457618416959561046e+03 9.936168193817138672e-01
1.457639250012538014e+03 9.987692236900329590e-01
1.457660083064815808e+03 9.970743060111999512e-01
1.457680916116627941e+03 9.970036745071411133e-01
1.457701749167508751e+03 9.918609261512756348e-01
1.457722582217924582e+03 1.001263141632080078e+00
1.457743415267409091e+03 9.939737915992736816e-01
1.457764248316427256e+03 9.961671829223632812e-01
1.457785081364746929e+03 9.975489377975463867e-01
1.457805914412368111e+03 9.982585310935974121e-01
1.457826747459058424e+03 1.004595279693603516e+00
1.457847580505516135e+03 1.000261664390563965e+00
1.457868413551041158e+03 1.003470897674560547e+00
1.457889246595868372e+03 9.983183145523071289e-01
1.457910079639997775e+03 1.001841902732849121e+00
1.457930912683661518e+03 9.946221709251403809e-01
1.457951745726393256e+03 1.001507401466369629e+00
1.457972578768658650e+03 1.003176689147949219e+00
1.457993411809994086e+03 1.003733277320861816e+00
1.458014244850863861e+03 1.003574132919311523e+00
1.458035077891034234e+03 1.002859115600585938e+00
1.458055910930506343e+03 9.950148463249206543e-01
1.458076743969279960e+03 9.945833086967468262e-01
1.458097577007355767e+03 9.927545785903930664e-01
1.458118410044965231e+03 9.954797029495239258e-01
1.458139243081643372e+03 9.929457902908325195e-01
1.458160076117623703e+03 9.974665641784667969e-01
1.458180909153137691e+03 1.000096201896667480e+00
1.458201742187953187e+03 1.004094958305358887e+00
1.458222575221837360e+03 1.000037908554077148e+00
1.458243408255256554e+03 1.001566410064697266e+00
1.458264241287977256e+03 1.002191901206970215e+00
1.458285074319997875e+03 1.000245094299316406e+00
1.458305907351320911e+03 1.001504302024841309e+00
1.458326740381946138e+03 9.993942975997924805e-01
1.458347573412105703e+03 9.988938570022583008e-01
1.458368406441333264e+03 1.002133011817932129e+00
1.458389239469862332e+03 1.000756740570068359e+00
1.458410072497926421e+03 9.986248612403869629e-01
1.458430905525291337e+03 9.983980655670166016e-01
1.458451738551724929e+03 1.003968358039855957e+00
1.458472571577692861e+03 9.984690546989440918e-01
1.458493404602962983e+03 1.000599980354309082e+00
1.458514237627534612e+03 1.000092029571533203e+00
1.458535070651406386e+03 9.956586956977844238e-01
1.458555903674580122e+03 9.933751821517944336e-01
1.458576736697289107e+03 9.960691928863525391e-01
1.458597569719066769e+03 9.958044886589050293e-01
1.458618402740145257e+03 9.972681999206542969e-01
1.458639235760758083e+03 9.991179704666137695e-01
1.458660068780673100e+03 9.992969632148742676e-01
1.458680901799656112e+03 1.001783967018127441e+00
1.458701734818173463e+03 9.977437257766723633e-01
1.458722567835992322e+03 9.983956813812255859e-01
1.458743400853113371e+03 9.977877140045166016e-01
1.458764233869535929e+03 1.001444458961486816e+00
1.458785066885259084e+03 9.992648959159851074e-01
1.458805899900516806e+03 1.001214861869812012e+00
1.458826732914843205e+03 1.002356648445129395e+00
1.458847565928471795e+03 1.002164840698242188e+00
1.458868398941634041e+03 1.003789663314819336e+00
1.458889231953864964e+03 1.002643585205078125e+00
1.458910064965630909e+03 1.009603023529052734e+00
1.458930897976698361e+03 1.007682204246520996e+00
1.458951730987067322e+03 1.000883340835571289e+00
1.458972563996504277e+03 9.980250000953674316e-01
1.458993397005475572e+03 9.950836300849914551e-01
1.459014230013748147e+03 9.973787069320678711e-01
1.459035063021555970e+03 9.918785691261291504e-01
1.459055896028431789e+03 9.963994622230529785e-01
1.459076729034609116e+03 9.976737499237060547e-01
1.459097562040088633e+03 9.959433674812316895e-01
1.459118395045102488e+03 9.941775798797607422e-01
1.459139228049184339e+03 1.001972675323486328e+00
1.459160061052800529e+03 1.002250432968139648e+00
1.459180894055486078e+03 1.004088401794433594e+00
1.459201727057705284e+03 9.996514320373535156e-01
1.459222560059225998e+03 9.985800981521606445e-01
1.459243393060048220e+03 1.001525163650512695e+00
1.459264226060172405e+03 1.005690336227416992e+00
1.459285059059598325e+03 1.004706382751464844e+00
1.459305892058325071e+03 9.990366697311401367e-01
1.459326725056353325e+03 1.004067420959472656e+00
1.459347558053683770e+03 1.001268386840820312e+00
1.459368391050315722e+03 9.986987113952636719e-01
1.459389224046248501e+03 1.004354238510131836e+00
1.459410057041715618e+03 1.004307389259338379e+00
1.459430890036251412e+03 1.005727529525756836e+00
1.459451723030089397e+03 1.001058459281921387e+00
1.459472556023461038e+03 1.001933336257934570e+00
1.459493389015901357e+03 9.987844824790954590e-01
1.459514222007876469e+03 9.994511604309082031e-01
1.459535054999153317e+03 9.953100085258483887e-01
1.459555887989498160e+03 9.969966411590576172e-01
1.459576720979377342e+03 9.941533207893371582e-01
1.459597553968558714e+03 9.961405396461486816e-01
1.459618386957041594e+03 1.000269651412963867e+00
1.459639219944825300e+03 9.981442689895629883e-01
1.459660052931677683e+03 1.004077076911926270e+00
1.459680885918065087e+03 9.980113506317138672e-01
1.459701718903753999e+03 1.004201054573059082e+00
1.459722551888743737e+03 1.004289150238037109e+00
1.459743384873034984e+03 1.008622169494628906e+00
1.459764217856861251e+03 1.002527236938476562e+00
1.459785050839755286e+03 1.004631757736206055e+00
1.459805883821951056e+03 1.006206154823303223e+00
1.459826716803448335e+03 1.001276969909667969e+00
1.459847549784247803e+03 1.013868927955627441e+00
1.459868382764348780e+03 1.005279779434204102e+00
1.459889215743983414e+03 9.929962158203125000e-01
1.459910048722686724e+03 1.001941919326782227e+00
1.459930881700692225e+03 1.002175092697143555e+00
1.459951714677999234e+03 9.899120926856994629e-01
1.459972547654839900e+03 9.927529096603393555e-01
1.459993380630749243e+03 9.972609877586364746e-01
1.460014213605960776e+03 1.000442743301391602e+00
1.460035046580706421e+03 9.990185499191284180e-01
1.460055879554520288e+03 9.984622597694396973e-01
1.460076712527635664e+03 1.001938223838806152e+00
1.460097545500286060e+03 1.001381874084472656e+00
1.460118378472005134e+03 9.976485371589660645e-01
1.460139211443025715e+03 9.971984028816223145e-01
1.460160044413579953e+03 1.003973960876464844e+00
1.460180877383202869e+03 9.995211958885192871e-01
1.460201710352127975e+03 1.008093357086181641e+00
1.460222543320587420e+03 1.002262949943542480e+00
1.460243376288114860e+03 1.004662871360778809e+00
1.460264209254943808e+03 1.001469135284423828e+00
1.460285042221307776e+03 1.006523251533508301e+00
1.460305875186740195e+03 1.004299640655517578e+00
1.460326708151473667e+03 9.948289990425109863e-01
1.460347541115508648e+03 1.000550985336303711e+00
1.460368374079078649e+03 9.991968870162963867e-01
1.460389207041717327e+03 1.000150442123413086e+00
1.460410040003656832e+03 9.958416819572448730e-01
1.460430872964897844e+03 9.971511363983154297e-01
1.460451705925441047e+03 9.957532286643981934e-01
1.460472538885285758e+03 9.999434351921081543e-01
1.460493371844431294e+03 1.000105023384094238e+00
1.460514204802878339e+03 9.962154626846313477e-01
1.460535037760627347e+03 9.993484616279602051e-01
1.460555870717445259e+03 9.988535642623901367e-01
1.460576703673796828e+03 9.993190169334411621e-01
1.460618369584405173e+03 9.971703290939331055e-01
1.460639202538429117e+03 1.001301050186157227e+00
1.460660035491986719e+03 9.967031478881835938e-01
1.460680868444612997e+03 9.954943060874938965e-01
1.460701701396541466e+03 1.006565451622009277e+00
1.460722534348004274e+03 1.010291099548339844e+00
1.460743367298535077e+03 9.993618130683898926e-01
1.460764200248367388e+03 9.978861808776855469e-01
1.460785033197501889e+03 1.006783485412597656e+00
1.460805866145937671e+03 1.001737475395202637e+00
1.460826699093674506e+03 1.003459572792053223e+00
1.460847532040712849e+03 9.992924928665161133e-01
1.460868364987053383e+03 9.961346387863159180e-01
1.460889197932462594e+03 9.991994500160217285e-01
1.460910030877405461e+03 9.984942674636840820e-01
1.460930863821417006e+03 9.997671842575073242e-01
1.460951696764730741e+03 9.989866614341735840e-01
1.460972529707345984e+03 9.973486065864562988e-01
1.460993362649262735e+03 9.994279146194458008e-01
1.461014195590480313e+03 1.000471234321594238e+00
1.461035028531000080e+03 1.000193715095520020e+00
1.461055861470821128e+03 9.976362586021423340e-01
1.461076694409710399e+03 1.001955747604370117e+00
1.461097527348134008e+03 1.001189112663269043e+00
1.461118360285626977e+03 1.001604676246643066e+00
1.461139193222421454e+03 1.004070639610290527e+00
1.461160026158516757e+03 1.001337289810180664e+00
1.461180859093913568e+03 1.002096891403198242e+00
1.461201692028612570e+03 1.006980895996093750e+00
1.461222524962380248e+03 1.006397366523742676e+00
1.461243357895448753e+03 9.955945014953613281e-01
1.461264190828051596e+03 9.975465536117553711e-01
1.461285023759723799e+03 9.994465708732604980e-01
1.461305856690697510e+03 9.982002973556518555e-01
1.461326689620739216e+03 9.987812638282775879e-01
1.461347522550315716e+03 9.988254308700561523e-01
1.461368355478961121e+03 9.966854453086853027e-01
1.461389188406908033e+03 9.948970675468444824e-01
1.461410021334156454e+03 1.001428008079528809e+00
1.461430854260705701e+03 1.001949787139892578e+00
1.461451687186323625e+03 9.974437355995178223e-01
1.461472520111476570e+03 1.000569343566894531e+00
1.461493353035698192e+03 9.955645203590393066e-01
1.461514185959220640e+03 9.979633688926696777e-01
1.461535018881811766e+03 9.974613189697265625e-01
1.461555851803937912e+03 9.976243972778320312e-01
1.461576684725133418e+03 9.980221986770629883e-01
1.461597517645629068e+03 1.001009106636047363e+00
1.461618350565425999e+03 1.001091122627258301e+00
1.461639183484292516e+03 1.002750873565673828e+00
1.461660016402460542e+03 1.004575610160827637e+00
1.461680849319929393e+03 1.002069592475891113e+00
1.461701682236699753e+03 1.007967233657836914e+00
1.461722515152772303e+03 1.002326965332031250e+00
1.461743348067913530e+03 9.994404315948486328e-01
1.461764180982356265e+03 9.990092515945434570e-01
1.461785013896099827e+03 9.967425465583801270e-01
1.461805846808912747e+03 1.000527620315551758e+00
1.461826679721027176e+03 9.975146651268005371e-01
1.461847512632442431e+03 1.000152826309204102e+00
1.461868345543159194e+03 9.947345852851867676e-01
1.461889178452945089e+03 1.002614021301269531e+00
1.461910011362032719e+03 1.000842571258544922e+00
1.461930844270188345e+03 1.001793742179870605e+00
1.461951677177878992e+03 1.001018762588500977e+00
1.461972510084638316e+03 1.003594994544982910e+00
1.461993342990699148e+03 1.001825332641601562e+00
1.462014175895827975e+03 1.006490707397460938e+00
1.462035008800258311e+03 1.000571846961975098e+00
1.462055841703990836e+03 9.988007545471191406e-01
1.462076674606792039e+03 9.974555373191833496e-01
1.462097507508894751e+03 9.989743828773498535e-01
1.462118340410298288e+03 1.000486373901367188e+00
1.462139173310771184e+03 9.976717233657836914e-01
1.462160006210545362e+03 1.001188516616821289e+00
1.462180839109620592e+03 9.991836547851562500e-01
1.462201672007764500e+03 9.988543987274169922e-01
1.462222504905210599e+03 9.951283335685729980e-01
1.462243337801958887e+03 9.997442960739135742e-01
1.462264170697774489e+03 9.942491054534912109e-01
1.462285003592891599e+03 9.958238601684570312e-01
1.462305836487078068e+03 9.974028468132019043e-01
1.462326669380798876e+03 9.936812520027160645e-01
1.462347502273354849e+03 9.997846484184265137e-01
1.462368335165445160e+03 1.000074863433837891e+00
1.462389168056372682e+03 9.964255094528198242e-01
1.462410000946833861e+03 9.998332262039184570e-01
1.462430833836363036e+03 1.002932071685791016e+00
1.462451666725193490e+03 9.971886873245239258e-01
1.462472499613093532e+03 9.993450045585632324e-01
1.462493332500295082e+03 1.003014445304870605e+00
1.462514165386797458e+03 1.003232598304748535e+00
1.462534998272369194e+03 9.968447685241699219e-01
1.462555831157242437e+03 1.003240108489990234e+00
1.462576664041184358e+03 1.007572412490844727e+00
1.462597496924427787e+03 1.003541827201843262e+00
1.462618329806739212e+03 1.002831578254699707e+00
1.462639162688352826e+03 1.000994205474853516e+00
1.462659995569267949e+03 9.997643232345581055e-01
1.462680828449484579e+03 9.995112419128417969e-01
1.462701661328536375e+03 9.957758188247680664e-01
1.462722494207122281e+03 9.982185363769531250e-01
1.462743327084778457e+03 9.940289855003356934e-01
1.462764159961735459e+03 9.933040142059326172e-01
1.462784992837760456e+03 9.996190071105957031e-01
1.462805825713086961e+03 9.975504875183105469e-01
1.462826658587715656e+03 1.002711534500122070e+00
1.462847491461413711e+03 9.970051050186157227e-01
1.462868324334411909e+03 9.956792593002319336e-01
1.462889157206711616e+03 9.952738881111145020e-01
1.462909990078080682e+03 9.978741407394409180e-01
1.462930822948751256e+03 1.000288605690002441e+00
1.462951655818723339e+03 1.005336165428161621e+00
1.462972488687763416e+03 1.000234484672546387e+00
1.462993321556105457e+03 1.006437778472900391e+00
1.463014154423749233e+03 9.996007084846496582e-01
1.463034987290461004e+03 1.008021712303161621e+00
1.463055820156707796e+03 1.003274798393249512e+00
1.463076653022023265e+03 1.006945610046386719e+00
1.463097485886640243e+03 1.003260135650634766e+00
1.463118318750558046e+03 1.000816941261291504e+00
1.463139151613544527e+03 9.977759122848510742e-01
1.463159984476066711e+03 1.002438187599182129e+00
1.463180817337889721e+03 9.971553087234497070e-01
1.463201650198780726e+03 9.977868795394897461e-01
1.463222483059206070e+03 9.962841868400573730e-01
1.463243315918933604e+03 9.972282052040100098e-01
1.463264148777963328e+03 1.001314163208007812e+00
1.463284981636293196e+03 9.987695217132568359e-01
1.463305814493924345e+03 1.002197146415710449e+00
1.463326647351090742e+03 1.003179192543029785e+00
1.463347480207558647e+03 9.950585961341857910e-01
1.463368313063328060e+03 9.979606866836547852e-01
1.463389145918631129e+03 9.990847706794738770e-01
1.463409978773469220e+03 9.989585280418395996e-01
1.463430811627609501e+03 1.000660777091979980e+00
1.463451644481282756e+03 1.004091620445251465e+00
1.463472477334490350e+03 1.001308917999267578e+00
1.463493310187232964e+03 9.973241090774536133e-01
1.463514143039742748e+03 1.004576206207275391e+00
1.463534975891554041e+03 1.004704952239990234e+00
1.463555808743131820e+03 9.992942214012145996e-01
1.463576641594477223e+03 1.002544999122619629e+00
1.463618307296237163e+03 9.988703131675720215e-01
1.463639140146650789e+03 1.000522136688232422e+00
1.463659972997065097e+03 9.998167157173156738e-01
