1.410952717217287272e+03 1.003401756286621094e+00
1.411015218943144646e+03 1.004314661026000977e+00
1.411036052849125554e+03 1.007308363914489746e+00
1.411056886754639891e+03 9.996387958526611328e-01
1.411077720658757244e+03 1.004271745681762695e+00
1.411098554561477840e+03 1.003032565116882324e+00
1.411119388463267114e+03 9.982369542121887207e-01
1.411140222364124838e+03 9.978979825973510742e-01
1.411161056263586488e+03 9.966570734977722168e-01
1.411181890161650244e+03 1.001571178436279297e+00
1.411202724058782906e+03 9.969407320022583008e-01
1.411223557954984244e+03 9.954261183738708496e-01
1.411244391849323392e+03 1.011265635490417480e+00
1.411265225742731445e+03 9.986242651939392090e-01
1.411286059635207494e+03 1.001246094703674316e+00
1.411306893525820669e+03 9.937509298324584961e-01
1.411327727415503432e+03 9.946537613868713379e-01
1.411348561304254645e+03 9.973840713500976562e-01
1.411369395191608419e+03 1.001362919807434082e+00
1.411390229077564982e+03 9.968267083168029785e-01
1.411411062962124788e+03 9.931715130805969238e-01
1.411431896845753727e+03 9.938599467277526855e-01
1.411452730727985909e+03 9.949733018875122070e-01
1.411473564608820197e+03 9.962706565856933594e-01
1.411494398488723391e+03 9.967488646507263184e-01
1.411515232367230283e+03 1.000282168388366699e+00
1.411536066244339963e+03 9.981660842895507812e-01
1.411556900120517867e+03 9.984184503555297852e-01
1.411577733994833125e+03 9.925590157508850098e-01
1.411598567868683176e+03 1.002350687980651855e+00
1.411619401740670810e+03 1.001893520355224609e+00
1.411640235611726439e+03 9.967035055160522461e-01
1.411661069481384175e+03 9.978170990943908691e-01
1.411681903350111497e+03 9.984322190284729004e-01
1.411702737217442291e+03 1.002996087074279785e+00
1.411723571083376328e+03 9.983356595039367676e-01
1.411744404948378360e+03 1.001796841621398926e+00
1.411765238811983181e+03 9.971318244934082031e-01
1.411786072674191928e+03 9.969133138656616211e-01
1.411806906535469125e+03 1.003024339675903320e+00
1.411827740395348883e+03 1.002899169921875000e+00
1.411848574254297091e+03 9.956029057502746582e-01
1.411869408111849225e+03 1.003620386123657227e+00
1.411890241968004375e+03 1.003181457519531250e+00
1.411911075823227293e+03 1.001562476158142090e+00
1.411931909677054136e+03 1.003457546234130859e+00
1.411952743529949657e+03 9.996341466903686523e-01
1.411973577381447285e+03 1.003458380699157715e+00
1.411994411231547929e+03 9.993607401847839355e-01
1.412015245080718159e+03 1.006495833396911621e+00
1.412036078928957068e+03 1.006406664848327637e+00
1.412056912775798082e+03 1.004460096359252930e+00
1.412077746621242341e+03 1.000125169754028320e+00
1.412098580465755731e+03 1.006005406379699707e+00
1.412119414309338026e+03 1.004726886749267578e+00
1.412140248151522428e+03 1.004858970642089844e+00
1.412161081992310756e+03 1.007860541343688965e+00
1.412181915832167761e+03 9.943850636482238770e-01
1.412202749671092533e+03 1.003626585006713867e+00
1.412223583508619868e+03 1.002056598663330078e+00
1.412244417344751582e+03 1.007356762886047363e+00
1.412306918847092220e+03 9.976190328598022461e-01
1.412327752679032756e+03 1.009085893630981445e+00
1.412348586510041514e+03 9.952824711799621582e-01
1.412369420339653743e+03 1.002698183059692383e+00
1.412390254168334877e+03 1.002368211746215820e+00
1.412411087995618345e+03 9.989676475524902344e-01
1.412431921821970263e+03 1.011976242065429688e+00
1.412452755646926107e+03 1.004640579223632812e+00
1.412473589471416062e+03 9.961302280426025391e-01
1.412494423294042917e+03 1.000514149665832520e+00
1.412515257116204793e+03 1.001331686973571777e+00
1.412536090936969458e+03 9.994083046913146973e-01
1.412556924756802346e+03 9.997816085815429688e-01
1.412577758575704365e+03 9.987288117408752441e-01
1.412598592393209401e+03 1.002025008201599121e+00
1.412619426209782659e+03 9.960916042327880859e-01
1.412640260024959616e+03 9.976744651794433594e-01
1.412661093839670684e+03 9.891285300254821777e-01
1.412681927652984314e+03 9.984675645828247070e-01
1.412702761464901641e+03 9.922592639923095703e-01
1.412723595276353080e+03 9.963343739509582520e-01
1.412744429086406399e+03 9.962458014488220215e-01
1.412765262895529759e+03 9.967609643936157227e-01
1.412786096703721569e+03 9.947213530540466309e-01
1.412806930510515940e+03 9.967720508575439453e-01
1.412827764316379444e+03 9.995029568672180176e-01
1.412848598121311852e+03 9.988152980804443359e-01
1.412869431925312256e+03 9.980557560920715332e-01
1.412890265728381792e+03 9.975376129150390625e-01
1.412911099530054344e+03 9.959686994552612305e-01
1.412931933330795118e+03 9.947839975357055664e-01
1.412952767130605253e+03 1.000352382659912109e+00
1.412973600929483837e+03 9.858725070953369141e-01
1.412994434726964982e+03 9.993888735771179199e-01
1.413015268523980922e+03 9.954259395599365234e-01
1.413036102319600104e+03 1.000554800033569336e+00
1.413056936114287282e+03 1.001481890678405762e+00
1.413077769908043592e+03 1.001437306404113770e+00
1.413098603700868807e+03 9.958258867263793945e-01
1.413119437492297038e+03 9.996660947799682617e-01
1.413140271283259381e+03 1.000196933746337891e+00
1.413161105072824284e+03 1.006533265113830566e+00
1.413181938861458548e+03 1.007020950317382812e+00
1.413202772649161261e+03 1.006313800811767578e+00
1.413223606435932197e+03 1.011691689491271973e+00
1.413244440221772265e+03 1.007681250572204590e+00
1.413306941573238646e+03 1.001758217811584473e+00
1.413327775354887308e+03 9.877047538757324219e-01
1.413348609136070763e+03 1.008051633834838867e+00
1.413369442915857462e+03 1.003171086311340332e+00
1.413390276694712156e+03 1.002982974052429199e+00
1.413411110472635983e+03 9.990121722221374512e-01
1.413431944249628486e+03 1.001844048500061035e+00
1.413452778025689895e+03 9.985424280166625977e-01
1.413473611800819981e+03 1.001999616622924805e+00
1.413494445575017835e+03 1.004043221473693848e+00
1.413515279347819614e+03 9.897950291633605957e-01
1.413536113120155733e+03 1.004008889198303223e+00
1.413556946891560301e+03 1.000667810440063477e+00
1.413577780662033774e+03 1.001406550407409668e+00
1.413598614431109581e+03 1.000828504562377930e+00
1.413619448199720182e+03 1.006523609161376953e+00
1.413640281966933799e+03 1.005363345146179199e+00
1.413661115733681982e+03 1.002406954765319824e+00
1.413681949499033180e+03 1.003347158432006836e+00
1.413702783263917809e+03 1.002165079116821289e+00
1.413723617027406362e+03 9.991439580917358398e-01
1.413744450790429255e+03 9.970202445983886719e-01
1.413765284552054936e+03 1.007916569709777832e+00
1.413786118313215184e+03 1.003316760063171387e+00
1.413806952073443881e+03 1.000849962234497070e+00
1.413827785832275140e+03 1.003668427467346191e+00
1.413848619590640737e+03 1.004392385482788086e+00
1.413869453347609806e+03 1.005595445632934570e+00
1.413890287104113440e+03 9.989985227584838867e-01
1.413911120859219864e+03 9.958618283271789551e-01
1.413973622120348637e+03 9.970011115074157715e-01
1.413994455871729315e+03 1.001510500907897949e+00
1.414036123372629163e+03 1.000755429267883301e+00
1.414056957121681990e+03 1.000330090522766113e+00
1.414077790869803721e+03 9.991143941879272461e-01
1.414098624616994130e+03 1.004324436187744141e+00
1.414119458363253216e+03 9.941499829292297363e-01
1.414140292109046413e+03 9.938725829124450684e-01
1.414161125853442627e+03 9.968547821044921875e-01
1.414181959596907063e+03 9.900762438774108887e-01
1.414202793339906520e+03 9.937180876731872559e-01
1.414223627081508766e+03 9.947596192359924316e-01
1.414244460822645578e+03 9.981995224952697754e-01
1.414265294562385407e+03 9.941438436508178711e-01
1.414286128301659573e+03 9.895517826080322266e-01
1.414306962040002190e+03 9.869189858436584473e-01
1.414327795777413485e+03 9.968037605285644531e-01
1.414348629513893002e+03 9.955214858055114746e-01
1.414369463249441878e+03 1.000130414962768555e+00
1.414390296984524866e+03 1.006674170494079590e+00
1.414411130718211098e+03 9.979582428932189941e-01
1.414431964450966007e+03 9.970569014549255371e-01
1.414452798183255027e+03 9.934501647949218750e-01
1.414473631914612952e+03 9.984664916992187500e-01
1.414494465645038872e+03 9.934035539627075195e-01
1.414515299374533924e+03 9.844442009925842285e-01
1.414536133103097654e+03 9.928350448608398438e-01
1.414556966830730289e+03 9.929222464561462402e-01
1.414577800557431601e+03 9.918491840362548828e-01
1.414598634283667252e+03 9.906758666038513184e-01
1.414619468008505692e+03 9.945461153984069824e-01
1.414640301732878470e+03 9.935083389282226562e-01
1.414661135456320153e+03 9.954612851142883301e-01
1.414681969178830514e+03 9.973929524421691895e-01
1.414702802900409552e+03 9.942413568496704102e-01
1.414723636621522701e+03 9.928278326988220215e-01
1.414744470341238866e+03 9.997781515121459961e-01
1.414765304060489598e+03 1.003584146499633789e+00
1.414786137778809007e+03 9.975566267967224121e-01
1.414806971496197093e+03 1.007038354873657227e+00
1.414827805212653629e+03 9.974856376647949219e-01
1.414848638928179071e+03 1.007787942886352539e+00
1.414869472643238623e+03 1.000883579254150391e+00
1.414890306356901419e+03 9.968522787094116211e-01
1.414911140070097645e+03 9.979512691497802734e-01
1.414931973782363457e+03 1.004170417785644531e+00
1.414952807493697946e+03 1.005175828933715820e+00
1.414973641204100886e+03 1.000468015670776367e+00
1.414994474914039074e+03 1.009886145591735840e+00
1.415015308623045257e+03 1.002553105354309082e+00
1.415036142331119891e+03 9.986336827278137207e-01
1.415056976038263429e+03 1.001729607582092285e+00
1.415077809744475417e+03 1.007743000984191895e+00
1.415098643449756310e+03 9.997897148132324219e-01
1.415119477154571541e+03 1.008474946022033691e+00
1.415140310858455223e+03 1.014629483222961426e+00
1.415161144561407809e+03 1.008922934532165527e+00
1.415181978263428846e+03 1.010554552078247070e+00
1.415202811964518787e+03 1.003273606300354004e+00
1.415223645665143067e+03 9.996404647827148438e-01
1.415244479364835797e+03 1.005694389343261719e+00
1.415265313063597432e+03 1.001502752304077148e+00
1.415286146761427517e+03 9.974691271781921387e-01
1.415306980458792850e+03 1.004268169403076172e+00
1.415327814154760517e+03 1.015354037284851074e+00
1.415348647850262296e+03 1.002469182014465332e+00
1.415369481544832979e+03 9.982829093933105469e-01
1.415390315238938001e+03 1.000818729400634766e+00
1.415411148931645812e+03 1.003581047058105469e+00
1.415431982623887507e+03 9.994347691535949707e-01
1.415452816315198561e+03 9.998670816421508789e-01
1.415473650005578065e+03 9.938441514968872070e-01
1.415494483695492818e+03 1.003103613853454590e+00
1.415515317384009677e+03 9.992617368698120117e-01
1.415536151072061102e+03 1.001184821128845215e+00
1.415556984759180978e+03 9.968128800392150879e-01
1.415577818445835419e+03 1.000719428062438965e+00
1.415598652131092877e+03 9.996634721755981445e-01
1.415619485815884445e+03 9.996786117553710938e-01
1.415640319499745601e+03 9.986605644226074219e-01
1.415661153182674752e+03 1.003590941429138184e+00
1.415681986865138015e+03 1.001092195510864258e+00
1.415702820546670182e+03 9.970515966415405273e-01
1.415723654227270799e+03 1.002729654312133789e+00
1.415744487906940321e+03 9.990183115005493164e-01
1.415765321586144182e+03 9.987255334854125977e-01
1.415786155263951514e+03 9.938393831253051758e-01
1.415806988941292730e+03 1.000777721405029297e+00
1.415827822618168284e+03 1.000885725021362305e+00
1.415848656293646627e+03 9.930297136306762695e-01
1.415869489968659309e+03 9.924915432929992676e-01
1.415890323642741578e+03 9.966031908988952637e-01
1.415911157315891842e+03 9.994257092475891113e-01
1.415931990988576217e+03 9.913942217826843262e-01
1.415952824660328815e+03 1.002063274383544922e+00
1.415973658331150773e+03 9.986066818237304688e-01
1.415994492001042090e+03 9.945619702339172363e-01
1.416015325670466837e+03 1.001604437828063965e+00
1.416036159338494599e+03 9.932785034179687500e-01
1.416056993006522589e+03 9.931383728981018066e-01
1.416077826673153595e+03 1.001335859298706055e+00
1.416098660339319395e+03 9.893980026245117188e-01
1.416119494004553417e+03 1.004557251930236816e+00
1.416140327668856116e+03 9.989594817161560059e-01
1.416161161332227266e+03 9.938272237777709961e-01
1.416181994995132982e+03 1.000327348709106445e+00
1.416202828657108057e+03 9.955077767372131348e-01
1.416223662318150900e+03 1.000884056091308594e+00
1.416244495978728310e+03 1.000125169754028320e+00
1.416265329638375079e+03 9.984229803085327148e-01
1.416286163297089615e+03 9.959610700607299805e-01
1.416306996954872830e+03 9.977057576179504395e-01
1.416327830612190610e+03 1.003581404685974121e+00
1.416348664268577068e+03 9.949247837066650391e-01
1.416369497924032657e+03 1.003935694694519043e+00
1.416390331579022131e+03 1.006411075592041016e+00
1.416411165233080283e+03 9.959782958030700684e-01
1.416431998886207566e+03 1.000925183296203613e+00
1.416452832538403072e+03 1.008077144622802734e+00
1.416473666190132917e+03 1.003632426261901855e+00
1.416494499840931894e+03 9.998225569725036621e-01
1.416515333491263846e+03 1.006260275840759277e+00
1.416536167140199723e+03 9.992939829826354980e-01
1.416557000788670621e+03 1.008120656013488770e+00
1.416577834436209287e+03 1.003357052803039551e+00
1.416598668083282519e+03 1.008231997489929199e+00
1.416619501729424428e+03 1.004868030548095703e+00
1.416640335374635015e+03 1.002249360084533691e+00
1.416661169018914734e+03 1.000527620315551758e+00
1.416682002662728337e+03 1.006461024284362793e+00
1.416702836305610390e+03 1.008530378341674805e+00
1.416723669947562030e+03 1.000000000000000000e+00
1.416744503589047326e+03 1.000626206398010254e+00
1.416765337229601073e+03 1.001385092735290527e+00
1.416786170869224406e+03 1.005248427391052246e+00
1.416807004507915735e+03 1.005541205406188965e+00
1.416827838146141175e+03 1.010796666145324707e+00
1.416848671783436203e+03 1.005096793174743652e+00
1.416869505420264659e+03 1.006979227066040039e+00
1.416890339055696359e+03 1.001366019248962402e+00
1.416911172691128741e+03 1.005442738533020020e+00
1.416973673591370698e+03 9.982830882072448730e-01
1.417057008114005612e+03 9.970419406890869141e-01
1.417161176249720484e+03 1.005508780479431152e+00
1.417202843498698940e+03 1.004552245140075684e+00
1.417223677122023446e+03 9.995015263557434082e-01
1.417244510744416402e+03 1.001234769821166992e+00
1.417265344365878946e+03 1.003961920738220215e+00
1.417307011606939795e+03 9.979411363601684570e-01
1.417327845226539694e+03 9.948862791061401367e-01
1.417369512462943931e+03 1.004064798355102539e+00
1.417390346079749861e+03 1.001843810081481934e+00
1.417411179696090130e+03 9.997048377990722656e-01
1.417432013311498167e+03 9.942355751991271973e-01
1.417452846926440543e+03 1.003907561302185059e+00
1.417473680540452506e+03 1.008101701736450195e+00
1.417494514153533146e+03 9.990664124488830566e-01
1.417515347765681781e+03 1.000503301620483398e+00
1.417536181377364528e+03 9.928185939788818359e-01
1.417557014988116862e+03 9.944546818733215332e-01
1.417577848598402852e+03 9.964031577110290527e-01
1.417598682207290949e+03 9.929218888282775879e-01
1.417619515816180410e+03 9.960960149765014648e-01
1.417640349423673115e+03 1.001214027404785156e+00
1.417661183030699476e+03 9.912688732147216797e-01
1.417682016636794287e+03 9.916149973869323730e-01
1.417702850242424347e+03 9.978887438774108887e-01
1.417723683847123084e+03 9.940899610519409180e-01
1.417744517450889816e+03 9.969491362571716309e-01
1.417765351053724999e+03 9.976423382759094238e-01
1.417786184656095429e+03 9.946812987327575684e-01
1.417807018257999971e+03 9.920956492424011230e-01
1.417827851858507074e+03 9.851185083389282227e-01
1.417848685458548516e+03 1.000812053680419922e+00
1.417869519057659090e+03 1.001514196395874023e+00
1.417890352656304231e+03 9.941498637199401855e-01
1.417911186254017139e+03 9.927775263786315918e-01
1.417932019850798952e+03 9.944584965705871582e-01
1.417952853447115558e+03 1.001736044883728027e+00
1.417973687042501069e+03 9.976996779441833496e-01
1.417994520636954576e+03 1.004172921180725098e+00
1.418015354230942194e+03 9.987826943397521973e-01
1.418036187823999398e+03 1.005372524261474609e+00
1.418057021416590942e+03 1.002463698387145996e+00
1.418077855007785274e+03 1.001847386360168457e+00
1.418098688598979152e+03 1.008753299713134766e+00
1.418119522188775136e+03 1.003274559974670410e+00
1.418140355778107050e+03 1.007390141487121582e+00
1.418161189366507642e+03 1.004974126815795898e+00
1.418182022954441891e+03 1.011228084564208984e+00
1.418202856541444589e+03 1.005308628082275391e+00
1.418223690127516875e+03 1.007303237915039062e+00
1.418244523713123272e+03 1.005020380020141602e+00
1.418265357297798573e+03 1.004253983497619629e+00
1.418286190881541643e+03 1.002018451690673828e+00
1.418307024464819278e+03 1.005730748176574707e+00
1.418327858047166274e+03 9.999791979789733887e-01
1.418348691628581946e+03 1.003395795822143555e+00
1.418369525209531730e+03 9.985889792442321777e-01
1.418390358789549737e+03 1.004526972770690918e+00
1.418411192369102082e+03 1.003666162490844727e+00
1.418432025947723560e+03 1.005252480506896973e+00
1.418452859525413714e+03 1.001823544502258301e+00
1.418473693102638435e+03 9.999437928199768066e-01
1.424577910700824987e+03 1.000198125839233398e+00
1.424598744242297926e+03 9.907785654067993164e-01
1.424619577782374563e+03 9.972317218780517578e-01
1.424640411321519878e+03 9.975722432136535645e-01
1.424661244859732960e+03 9.920963644981384277e-01
1.424682078396549969e+03 9.934238791465759277e-01
1.424702911932434745e+03 1.000255703926086426e+00
1.424723745466922082e+03 9.978228807449340820e-01
1.424744579000479462e+03 9.957118034362792969e-01
1.424765412532639857e+03 9.952360391616821289e-01
1.424786246063868248e+03 1.000985503196716309e+00
1.424807079593700109e+03 1.000153183937072754e+00
1.424827913122135215e+03 9.944230318069458008e-01
1.424848746649638542e+03 9.997367858886718750e-01
1.424869580175744431e+03 1.000787734985351562e+00
1.424911247224697036e+03 1.001647233963012695e+00
1.424952914268062159e+03 9.994353652000427246e-01
1.424973747788115361e+03 9.965496659278869629e-01
1.424994581306770897e+03 1.005017995834350586e+00
1.425015414824029904e+03 1.002375960350036621e+00
1.425036248340357815e+03 9.970763921737670898e-01
1.425057081854822627e+03 1.001298427581787109e+00
1.425077915368355661e+03 9.964480400085449219e-01
1.425098748880957601e+03 9.959570169448852539e-01
1.425119582391696895e+03 9.927309155464172363e-01
1.425140415901505548e+03 9.932466149330139160e-01
1.425161249409917218e+03 9.970586895942687988e-01
1.425182082916930995e+03 1.001348853111267090e+00
1.425202916423014358e+03 9.980594515800476074e-01
1.425223749927700737e+03 9.971200227737426758e-01
1.425244583430989223e+03 9.996047616004943848e-01
1.425265416932881635e+03 9.996179342269897461e-01
1.425286250433842270e+03 9.972873926162719727e-01
1.425307083933405465e+03 1.001971364021301270e+00
1.425327917431572587e+03 9.928584098815917969e-01
1.425348750928807476e+03 9.996445178985595703e-01
1.425369584424646291e+03 9.996551871299743652e-01
1.425390417919088122e+03 9.911063313484191895e-01
1.425411251412597949e+03 1.000742435455322266e+00
1.425432084904711246e+03 9.914708137512207031e-01
1.425452918395427787e+03 9.955269098281860352e-01
1.425473751884745980e+03 9.929860234260559082e-01
1.425494585373133759e+03 9.871152639389038086e-01
1.425515418860124782e+03 9.936743378639221191e-01
1.425536252346184028e+03 1.005565881729125977e+00
1.425557085830846972e+03 9.945008158683776855e-01
1.425577919314578594e+03 9.955915808677673340e-01
1.425598752796447570e+03 9.960489869117736816e-01
1.425619586277385224e+03 9.967349171638488770e-01
1.425640419757390646e+03 9.930404424667358398e-01
1.425661253235999084e+03 9.968312382698059082e-01
1.425682086713210992e+03 1.003509759902954102e+00
1.425702920189491124e+03 1.008465290069580078e+00
1.425723753664840842e+03 9.993261098861694336e-01
1.425744587138327915e+03 1.003065347671508789e+00
1.425765420611349327e+03 1.002627849578857422e+00
1.425786254082508094e+03 1.002573013305664062e+00
1.425807087552734629e+03 1.001899003982543945e+00
1.425827921022030750e+03 1.008249044418334961e+00
1.425848754489929888e+03 1.004104018211364746e+00
1.425869587956896794e+03 9.991983771324157715e-01
1.425890421422467170e+03 1.007305264472961426e+00
1.425911254887105770e+03 9.995375871658325195e-01
1.425932088350348295e+03 1.000772714614868164e+00
1.425952921812193836e+03 1.000143527984619141e+00
1.425973755273573715e+03 9.991427659988403320e-01
1.425994588733556611e+03 1.007250308990478516e+00
1.426015422192141614e+03 1.007810473442077637e+00
1.426036255649796203e+03 1.006426930427551270e+00
1.426057089106053127e+03 1.005749106407165527e+00
1.426077922561378728e+03 1.002370715141296387e+00
1.426098756015773688e+03 9.978344440460205078e-01
1.426119589468770755e+03 1.006447553634643555e+00
1.426140422920837409e+03 1.008690953254699707e+00
1.426161256371972740e+03 9.999893307685852051e-01
1.426182089821711088e+03 1.005386829376220703e+00
1.426202923270518113e+03 1.005011796951293945e+00
1.426223756717928154e+03 1.000528931617736816e+00
1.426244590164405963e+03 1.005030632019042969e+00
1.426265423609951995e+03 1.006075501441955566e+00
1.426286257054102407e+03 1.003887176513671875e+00
1.426307090497321497e+03 1.005372285842895508e+00
1.426327923939609263e+03 1.000961661338806152e+00
1.426348757380500047e+03 1.003847479820251465e+00
1.426369590820459507e+03 9.989883303642272949e-01
1.426390424259487418e+03 1.003046274185180664e+00
1.426411257697117890e+03 1.001869082450866699e+00
1.426432091133817721e+03 1.007243275642395020e+00
1.426452924569585321e+03 1.003928303718566895e+00
1.426473758004422052e+03 9.967341423034667969e-01
1.426494591437862027e+03 9.974018931388854980e-01
1.426515424870370680e+03 9.995242357254028320e-01
1.426536258301948237e+03 9.932938218116760254e-01
1.426557091732594017e+03 1.003201007843017578e+00
1.426577925161843268e+03 1.002984046936035156e+00
1.426598758590161196e+03 9.957756400108337402e-01
1.426619592017547575e+03 9.977269172668457031e-01
1.426640425443536515e+03 9.966822862625122070e-01
1.426661258869059566e+03 1.001275300979614258e+00
1.426682092293186543e+03 9.969068169593811035e-01
1.426702925716382197e+03 9.996695518493652344e-01
1.426723759138180867e+03 9.995690584182739258e-01
1.426744592559513876e+03 9.973621964454650879e-01
1.426765425979449901e+03 9.995144009590148926e-01
1.426786259398920265e+03 9.892519116401672363e-01
1.426807092816527984e+03 9.988557696342468262e-01
1.426827926233669132e+03 9.928054809570312500e-01
1.426848759649878957e+03 9.913141727447509766e-01
1.426869593064692253e+03 9.984488487243652344e-01
1.426890426479040343e+03 9.931131601333618164e-01
1.426911259891991449e+03 9.939303398132324219e-01
1.426932093304011232e+03 9.920309782028198242e-01
1.426952926715099466e+03 9.990980625152587891e-01
1.426973760125256376e+03 9.877078533172607422e-01
1.426994593534016531e+03 1.014445900917053223e+00
1.427036260349208078e+03 1.003326535224914551e+00
1.427057093755173355e+03 9.950590133666992188e-01
1.427077927160208219e+03 9.959162473678588867e-01
1.427098760564311760e+03 9.907094240188598633e-01
1.427119593967483979e+03 9.948765039443969727e-01
1.427140427369724875e+03 9.937573075294494629e-01
1.427161260771034222e+03 9.944940805435180664e-01
1.427182094170946584e+03 9.986268877983093262e-01
1.427202927570393513e+03 9.890224933624267578e-01
1.427223760968443003e+03 9.960011243820190430e-01
1.427244594366026377e+03 1.002352833747863770e+00
1.427265427762213676e+03 9.924800395965576172e-01
1.427286261157469653e+03 9.944746494293212891e-01
1.427307094552259969e+03 1.002789020538330078e+00
1.427327927945653300e+03 9.924056529998779297e-01
1.427348761338115310e+03 9.948779344558715820e-01
1.427369594729645996e+03 1.002300500869750977e+00
1.427390428120245360e+03 1.006002306938171387e+00
1.427411261509913174e+03 1.004489898681640625e+00
1.427432094898649211e+03 1.000935554504394531e+00
1.427452928286453698e+03 1.000082850456237793e+00
1.427473761672862111e+03 1.002424240112304688e+00
1.427494595058804862e+03 1.004600048065185547e+00
1.427515428443816290e+03 9.991620779037475586e-01
1.427536261827896396e+03 1.015758395195007324e+00
1.427557095211045180e+03 1.012161970138549805e+00
1.427619595354437024e+03 1.010662555694580078e+00
1.427640428733859608e+03 1.008280634880065918e+00
1.427661262111886117e+03 9.998122453689575195e-01
1.427682095489446965e+03 1.006532907485961914e+00
1.427702928866077400e+03 1.006154656410217285e+00
1.427723762241775603e+03 1.003903388977050781e+00
1.427744595616542256e+03 1.002701878547668457e+00
1.427765428989911925e+03 1.002315402030944824e+00
1.427786262362816160e+03 1.003494381904602051e+00
1.427807095734788618e+03 1.008706927299499512e+00
1.427827929105829298e+03 1.002300024032592773e+00
1.427848762475939566e+03 1.000249028205871582e+00
1.427869595845118511e+03 1.002610683441162109e+00
1.427890429213366133e+03 1.002766013145446777e+00
1.427911262580682433e+03 9.987424015998840332e-01
1.427932095947067864e+03 1.001834034919738770e+00
1.427952929312521519e+03 1.006164908409118652e+00
1.427973762677509512e+03 9.996559023857116699e-01
1.427994596041100522e+03 1.006959319114685059e+00
1.428015429403759299e+03 1.003345012664794922e+00
1.428036262765952870e+03 1.000431060791015625e+00
1.428057096126749911e+03 9.986253976821899414e-01
1.428077929487081065e+03 9.996058344841003418e-01
1.428098762846015234e+03 9.998249411582946777e-01
1.428119596204484878e+03 1.005652904510498047e+00
1.428140429562022291e+03 1.004616141319274902e+00
1.428161262918628381e+03 9.980393052101135254e-01
1.428182096274303149e+03 1.005846381187438965e+00
1.428202929629045684e+03 1.003671526908874512e+00
1.428223762982856897e+03 1.009287714958190918e+00
1.428244596335737697e+03 9.975542426109313965e-01
1.428265429687688084e+03 1.001727819442749023e+00
1.428286263039171899e+03 9.976483583450317383e-01
1.428307096389258504e+03 9.989626407623291016e-01
1.428327929738879448e+03 1.003454685211181641e+00
1.428348763087103634e+03 1.002878665924072266e+00
1.428369596434862160e+03 9.997606873512268066e-01
1.428390429781688908e+03 1.000102519989013672e+00
1.428411263127584789e+03 9.951037168502807617e-01
1.428432096472549119e+03 9.875783324241638184e-01
1.428452929816582127e+03 9.941956996917724609e-01
1.428473763160149701e+03 9.929562211036682129e-01
1.428494596502320292e+03 9.960029721260070801e-01
1.428515429844026130e+03 9.958629608154296875e-01
1.428536263184799509e+03 1.000268578529357910e+00
1.428557096524641565e+03 9.965674877166748047e-01
1.428577929863086865e+03 1.004793524742126465e+00
1.428598763201531710e+03 9.944102764129638672e-01
1.428619596538580026e+03 9.876150488853454590e-01
1.428640429874697020e+03 9.939349889755249023e-01
1.428661263210348125e+03 9.949856996536254883e-01
1.428682096544602246e+03 9.899001121520996094e-01
1.428702929878390933e+03 9.875577092170715332e-01
1.428723763211249207e+03 1.002019047737121582e+00
1.428744596543175248e+03 9.893665313720703125e-01
1.428765429874635629e+03 9.953474998474121094e-01
1.428786263204698798e+03 9.940861463546752930e-01
1.428807096534295852e+03 9.973928332328796387e-01
1.428827929862496603e+03 9.999717473983764648e-01
1.428848763190231693e+03 9.970121979713439941e-01
1.428869596517035461e+03 1.002939224243164062e+00
1.428890429842908361e+03 9.954198002815246582e-01
1.428911263168315145e+03 1.004711627960205078e+00
1.428932096492324945e+03 1.003150463104248047e+00
1.428952929815869538e+03 1.001710176467895508e+00
1.428973763138481900e+03 9.995017647743225098e-01
1.428994596460162484e+03 9.996669292449951172e-01
1.429015429780912655e+03 1.001389026641845703e+00
1.429036263101197164e+03 1.003840923309326172e+00
1.429057096420085145e+03 1.007859945297241211e+00
1.429077929738507009e+03 1.000751256942749023e+00
1.429098763055997551e+03 1.007785439491271973e+00
1.429119596372557680e+03 1.004307150840759277e+00
1.429140429688185350e+03 9.988524317741394043e-01
1.429161263003347358e+03 1.008649587631225586e+00
1.429182096317112610e+03 1.008754849433898926e+00
1.429202929630411745e+03 9.990377426147460938e-01
1.429223762942780013e+03 1.009346961975097656e+00
1.429244596254216731e+03 9.968461990356445312e-01
1.429265429565187787e+03 1.002364754676818848e+00
1.429286262875228658e+03 1.007303714752197266e+00
1.429307096183871636e+03 1.005561351776123047e+00
1.429327929492048952e+03 1.004634737968444824e+00
1.429348762799761062e+03 1.004798889160156250e+00
1.429369596106075051e+03 1.002399325370788574e+00
1.429390429411923378e+03 1.004786968231201172e+00
1.429411262716375859e+03 1.002905845642089844e+00
1.429432096020362223e+03 1.003916621208190918e+00
1.429452929323882927e+03 1.005784273147583008e+00
1.429473762626007556e+03 1.005442023277282715e+00
1.429494595927665387e+03 1.009032726287841797e+00
1.429515429228391895e+03 1.002935409545898438e+00
1.429536262528188217e+03 9.999420046806335449e-01
1.429557095827051398e+03 1.003203988075256348e+00
1.429577929125449373e+03 9.999446272850036621e-01
1.429598762422451273e+03 1.000739932060241699e+00
1.429619595718987057e+03 1.005299687385559082e+00
1.429640429014591518e+03 9.998416304588317871e-01
1.429661262309730773e+03 9.951206445693969727e-01
1.429682095603472590e+03 1.000457167625427246e+00
1.429702928896748745e+03 9.950886964797973633e-01
1.429723762189094487e+03 9.949054718017578125e-01
1.429744595480974112e+03 9.923746585845947266e-01
1.429765428771455390e+03 9.944543242454528809e-01
1.429786262061471461e+03 1.004963159561157227e+00
1.429807095350557120e+03 1.001768708229064941e+00
1.429827928638711001e+03 9.930750131607055664e-01
1.429848761926399220e+03 9.999498128890991211e-01
1.429869595212690911e+03 9.996937513351440430e-01
1.429890428498516485e+03 9.927915334701538086e-01
1.429911261783410737e+03 9.961363077163696289e-01
1.429932095067840237e+03 9.960919618606567383e-01
1.429952928350871844e+03 9.935018420219421387e-01
1.429973761633436879e+03 9.943138360977172852e-01
1.429994594915071502e+03 9.965317249298095703e-01
1.430015428196240919e+03 9.940217137336730957e-01
1.430036261476012896e+03 9.957152605056762695e-01
1.430057094755319213e+03 9.926149845123291016e-01
1.430077928033695116e+03 9.881842732429504395e-01
1.430098761311604221e+03 9.858391880989074707e-01
1.430119594588116342e+03 9.926349520683288574e-01
1.430140427864163030e+03 9.885720610618591309e-01
1.430161261139278395e+03 9.885695576667785645e-01
1.430182094413928098e+03 9.942224025726318359e-01
1.430202927687180818e+03 9.918993711471557617e-01
1.430223760959968558e+03 9.916455745697021484e-01
1.430244594231824976e+03 1.002407193183898926e+00
1.430265427503215051e+03 9.975519180297851562e-01
1.430286260773208141e+03 1.002362847328186035e+00
1.430307094042736026e+03 9.979903101921081543e-01
1.430327927311332132e+03 1.000582575798034668e+00
1.430348760579461896e+03 1.001201033592224121e+00
1.430369593846195130e+03 9.987707138061523438e-01
1.430390427112463840e+03 1.003432154655456543e+00
1.430411260377800318e+03 9.997217655181884766e-01
1.430432093642671134e+03 9.972131848335266113e-01
1.430452926906611083e+03 9.942950606346130371e-01
1.430473760169619936e+03 1.006400346755981445e+00
1.430494593431696558e+03 1.003208041191101074e+00
1.430515426692842084e+03 1.013988971710205078e+00
1.430536259953521949e+03 1.006232142448425293e+00
1.430557093213270491e+03 1.008718132972717285e+00
1.430619592987859960e+03 1.004080057144165039e+00
1.430661259500373035e+03 1.025360107421875000e+00
1.430682092754999303e+03 1.007432579994201660e+00
1.430702926009160365e+03 9.996855854988098145e-01
1.430723759262855310e+03 1.006649374961853027e+00
1.430744592515152362e+03 1.004911065101623535e+00
1.430765425766984663e+03 1.004576086997985840e+00
1.430786259017886550e+03 9.988352060317993164e-01
1.430807092268322322e+03 1.005620121955871582e+00
1.430827925517360654e+03 1.001426100730895996e+00
1.430848758765933326e+03 9.959341883659362793e-01
1.430869592013575129e+03 1.005024909973144531e+00
1.430890425260751726e+03 1.009397745132446289e+00
1.430911258506996546e+03 1.000771284103393555e+00
1.430932091752309134e+03 1.002003312110900879e+00
1.430952924996689944e+03 9.974201917648315430e-01
1.430973758240606458e+03 9.959428906440734863e-01
1.430994591483592103e+03 1.001138448715209961e+00
1.431015424725645516e+03 1.003032684326171875e+00
1.431036257966767607e+03 1.000736713409423828e+00
1.431057091207424492e+03 1.002111792564392090e+00
1.431077924447150508e+03 1.008502006530761719e+00
1.431098757686410408e+03 1.002288103103637695e+00
1.431119590924271961e+03 1.003442525863647461e+00
1.431140424161668307e+03 1.002107262611389160e+00
1.431161257398599901e+03 1.004921555519104004e+00
1.431182090634134966e+03 1.002005100250244141e+00
1.431202923869203914e+03 1.003222942352294922e+00
1.431223757103341086e+03 1.003688931465148926e+00
1.431244590337012596e+03 9.999768137931823730e-01
1.431265423569287577e+03 9.949042797088623047e-01
1.431286256801097352e+03 1.005185842514038086e+00
1.431307090032441010e+03 1.000552177429199219e+00
1.431327923262386548e+03 1.000792741775512695e+00
1.431348756491866425e+03 9.997104406356811523e-01
1.431369589720416116e+03 9.951642155647277832e-01
1.431390422948500600e+03 1.000703096389770508e+00
1.431411256175653307e+03 1.002518773078918457e+00
1.431432089401874237e+03 9.949100017547607422e-01
1.431452922627163844e+03 1.004049420356750488e+00
1.431473755851988471e+03 9.982974529266357422e-01
1.431494589075881777e+03 9.911977648735046387e-01
1.431515422298843077e+03 9.885724782943725586e-01
1.431536255521337807e+03 9.955102205276489258e-01
1.431557088742902124e+03 1.000190377235412598e+00
1.431577921963536028e+03 9.930202960968017578e-01
1.431598755183703815e+03 9.985867738723754883e-01
1.431619588402940281e+03 9.907074570655822754e-01
1.431661254838619243e+03 9.964415431022644043e-01
1.431682088055526947e+03 1.003058910369873047e+00
1.431702921271503328e+03 1.002802491188049316e+00
1.431723754487013821e+03 9.942577481269836426e-01
1.431744587701128239e+03 9.957573413848876953e-01
1.431765420914776769e+03 1.001278638839721680e+00
1.431786254127959182e+03 9.900773167610168457e-01
1.431807087339744612e+03 9.969779253005981445e-01
1.431827920551065290e+03 9.956358075141906738e-01
1.431848753761919852e+03 9.915857911109924316e-01
1.431869586971377430e+03 9.934270977973937988e-01
1.431890420180369802e+03 9.897131919860839844e-01
1.431911253388429941e+03 9.995273351669311523e-01
1.431932086596023510e+03 9.970002770423889160e-01
1.431952919802686665e+03 1.004701137542724609e+00
1.431973753008419180e+03 1.002753734588623047e+00
1.431994586213220373e+03 9.893991947174072266e-01
1.432015419417555677e+03 1.000391006469726562e+00
1.432036252620960113e+03 1.001758337020874023e+00
1.432057085823897978e+03 1.004634499549865723e+00
1.432077919025904521e+03 1.000401139259338379e+00
1.432098752226979514e+03 9.985535144805908203e-01
1.432119585427123184e+03 9.996795058250427246e-01
1.432140418626802330e+03 1.000905632972717285e+00
1.432161251825549698e+03 1.001380801200866699e+00
1.432182085023366199e+03 1.000100493431091309e+00
1.432202918220716583e+03 1.004978775978088379e+00
1.432223751417135190e+03 1.003792166709899902e+00
1.432244584612622475e+03 1.002779364585876465e+00
1.432265417807644553e+03 1.007332682609558105e+00
1.432286251001734854e+03 9.978279471397399902e-01
1.432307084194893832e+03 1.011343121528625488e+00
1.432327917387588059e+03 9.997844696044921875e-01
1.432348750579350508e+03 1.002671599388122559e+00
1.432369583770181862e+03 9.938579797744750977e-01
1.432390416960080984e+03 9.987694025039672852e-01
1.432411250149514672e+03 1.003851652145385742e+00
1.432432083338483608e+03 1.000260114669799805e+00
1.432452916526055105e+03 1.000553011894226074e+00
1.432473749713161396e+03 1.002145409584045410e+00
1.432494582899335228e+03 1.002097606658935547e+00
1.432515416085043398e+03 1.008965730667114258e+00
1.432536249269821383e+03 1.003209352493286133e+00
1.432557082453667590e+03 1.002551794052124023e+00
1.432577915636582020e+03 9.987174868583679199e-01
1.432598748819030789e+03 1.005055785179138184e+00
1.432619582001014805e+03 9.994601607322692871e-01
1.432640415181601384e+03 1.001675128936767578e+00
1.432661248361722301e+03 1.006458163261413574e+00
1.432682081540911440e+03 1.003816485404968262e+00
1.432702914719634919e+03 1.001984953880310059e+00
1.432723747897427984e+03 1.000205755233764648e+00
1.432744581074289272e+03 1.001977086067199707e+00
1.432765414250219465e+03 1.001036763191223145e+00
1.432786247425683086e+03 1.010221362113952637e+00
1.432807080600215613e+03 9.993674159049987793e-01
1.432827913774283388e+03 1.006570219993591309e+00
1.432848746947419386e+03 1.006276965141296387e+00
1.432869580119623606e+03 1.001562833786010742e+00
1.432890413290896504e+03 9.947463870048522949e-01
1.432911246461704195e+03 1.003467440605163574e+00
1.432932079632046680e+03 9.967508912086486816e-01
1.432952912800991726e+03 9.985107779502868652e-01
1.432973745969471565e+03 1.004641652107238770e+00
1.432994579137019628e+03 9.999738335609436035e-01
1.433015412304102483e+03 1.000470995903015137e+00
1.433036245470252879e+03 9.976696372032165527e-01
1.433057078635471953e+03 9.950568079948425293e-01
1.433077911800225593e+03 9.981348514556884766e-01
1.433098744963582249e+03 9.958968162536621094e-01
1.433119578126939814e+03 9.950169324874877930e-01
1.433140411288899941e+03 9.916903972625732422e-01
1.433161244450394634e+03 9.850775003433227539e-01
1.433182077611423665e+03 9.965358376502990723e-01
1.433202910771055485e+03 1.000532865524291992e+00
1.433223743930222099e+03 9.957171082496643066e-01
1.433244577088922597e+03 9.937844276428222656e-01
1.433265410246225656e+03 1.001910686492919922e+00
1.433286243403063054e+03 1.000379920005798340e+00
1.433307076559435473e+03 1.001700520515441895e+00
1.433327909714410907e+03 1.001150131225585938e+00
1.433348742869386115e+03 9.937902688980102539e-01
1.433369576022964793e+03 1.000295519828796387e+00
1.433390409176077355e+03 9.884632229804992676e-01
1.433411242328258140e+03 9.920699596405029297e-01
1.433432075479507603e+03 9.948115944862365723e-01
1.433452908630291404e+03 1.001650214195251465e+00
1.433473741780143882e+03 9.929912090301513672e-01
1.433494574929531154e+03 1.000795483589172363e+00
1.433515408077987558e+03 9.961480498313903809e-01
1.433536241225512185e+03 1.004743218421936035e+00
1.433557074372571606e+03 1.003906607627868652e+00
1.433619573808161022e+03 9.985855221748352051e-01
1.433640406951960358e+03 1.006092071533203125e+00
1.433661240095293579e+03 9.975774288177490234e-01
1.433682073237695477e+03 1.000880837440490723e+00
1.433702906379166734e+03 1.000416874885559082e+00
1.433723739519706669e+03 9.952100515365600586e-01
1.433744572659780715e+03 1.001753807067871094e+00
1.433765405798923894e+03 9.973222017288208008e-01
1.433786238937600956e+03 9.947396516799926758e-01
1.433807072074881489e+03 9.980449676513671875e-01
1.433827905212161568e+03 1.005560994148254395e+00
1.433848738348044208e+03 9.997658133506774902e-01
1.433869571483461186e+03 1.003227472305297852e+00
1.433890404618412958e+03 9.994956851005554199e-01
1.433911237751968201e+03 9.998075366020202637e-01
1.433932070885522990e+03 1.002950668334960938e+00
1.433952904017681249e+03 1.000871658325195312e+00
1.433973737149373392e+03 9.952062368392944336e-01
1.433994570280134440e+03 9.989897608757019043e-01
1.434015403410429826e+03 1.003664255142211914e+00
1.434036236539793208e+03 9.998497962951660156e-01
1.434057069668225267e+03 9.985780119895935059e-01
1.434077902796192120e+03 1.005568146705627441e+00
1.434098735923228105e+03 1.005698442459106445e+00
1.434119569049332313e+03 1.006576776504516602e+00
1.434140402174970859e+03 9.975750446319580078e-01
1.434161235299678538e+03 9.994146823883056641e-01
1.434182068423920100e+03 9.952924251556396484e-01
1.434202901547230795e+03 1.001625537872314453e+00
1.434223734669609712e+03 1.005157709121704102e+00
1.434244567791522513e+03 9.971480965614318848e-01
1.434265400912503992e+03 1.005449414253234863e+00
1.434286234033020264e+03 1.003897190093994141e+00
1.434307067152605669e+03 1.007761597633361816e+00
1.434327900271259296e+03 1.004213571548461914e+00
1.434348733389447716e+03 1.003322005271911621e+00
1.434369566506704359e+03 1.001609683036804199e+00
1.434390399623495796e+03 1.001828551292419434e+00
1.434411232738889794e+03 1.002737879753112793e+00
1.434432065854283337e+03 1.005434989929199219e+00
1.434452898968745558e+03 1.006023406982421875e+00
1.434473732082276911e+03 9.960555434226989746e-01
1.434494565194877396e+03 9.940019845962524414e-01
1.434515398307011765e+03 9.969258308410644531e-01
1.434536231418680700e+03 1.004001140594482422e+00
1.434557064528952651e+03 9.953331947326660156e-01
1.434577897639224375e+03 9.918726086616516113e-01
1.434598730748099570e+03 9.953377842903137207e-01
1.434619563856508194e+03 9.908946156501770020e-01
1.434640396964451156e+03 9.910411834716796875e-01
1.434661230071463251e+03 1.002127528190612793e+00
1.434682063177544933e+03 9.943693280220031738e-01
1.434702896283160953e+03 9.991510510444641113e-01
1.434723729387844742e+03 9.870793819427490234e-01
1.434744562492063324e+03 9.885057210922241211e-01
1.434765395595350128e+03 9.941502213478088379e-01
1.434786228698171726e+03 9.920704364776611328e-01
1.434807061800061547e+03 9.958518147468566895e-01
1.434827894901019590e+03 9.957069158554077148e-01
1.434848728001511972e+03 9.878669381141662598e-01
1.434869561101073486e+03 9.982548356056213379e-01
1.434890394200169794e+03 9.936404228210449219e-01
1.434911227298334325e+03 9.918633699417114258e-01
1.434932060396033648e+03 9.959229826927185059e-01
1.434952893492801195e+03 1.002201557159423828e+00
1.434973726589103308e+03 9.955055713653564453e-01
1.434994559684474098e+03 9.946382641792297363e-01
1.435015392779378544e+03 9.932088851928710938e-01
1.435036225873352123e+03 9.979917407035827637e-01
1.435057058966860950e+03 9.919939041137695312e-01
1.435077892059438000e+03 9.957804083824157715e-01
1.435098725151548933e+03 9.946134686470031738e-01
1.435119558242728544e+03 9.957003593444824219e-01
1.435140391333442949e+03 1.002676367759704590e+00
1.435161224423225576e+03 9.954943060874938965e-01
1.435182057512542997e+03 9.991366863250732422e-01
1.435202890600928640e+03 1.001795887947082520e+00
1.435223723688848168e+03 1.001885175704956055e+00
1.435244556776302034e+03 1.000063300132751465e+00
1.435265389862825032e+03 9.995811581611633301e-01
1.435286222948417162e+03 9.997360110282897949e-01
1.435307056033544086e+03 1.001395106315612793e+00
1.435327889118205348e+03 1.006626725196838379e+00
1.435348722201934379e+03 9.991016983985900879e-01
1.435369555285198203e+03 1.003994345664978027e+00
1.435390388367995911e+03 1.001767992973327637e+00
1.435411221449861841e+03 1.003756403923034668e+00
1.435432054530796449e+03 9.995258450508117676e-01
1.435452887611731512e+03 1.001945734024047852e+00
1.435473720691735707e+03 9.971030950546264648e-01
1.435494553770808125e+03 1.001840710639953613e+00
1.435515386849881452e+03 1.006466269493103027e+00
1.435536219928023456e+03 1.005105376243591309e+00
1.435557053005233229e+03 1.000537753105163574e+00
1.435577886082443456e+03 9.973674416542053223e-01
1.435598719158721451e+03 1.001331567764282227e+00
1.435619552234533785e+03 9.979157447814941406e-01
1.435640385309415251e+03 1.009323596954345703e+00
1.435661218383831510e+03 1.003310918807983398e+00
1.435682051457781654e+03 1.011323213577270508e+00
1.435702884531267046e+03 1.011057496070861816e+00
1.435723717604286776e+03 9.989624023437500000e-01
1.435744550676374274e+03 1.001547455787658691e+00
1.435765383747996566e+03 1.001521587371826172e+00
1.435786216819152742e+03 1.006716489791870117e+00
1.435807049889842801e+03 1.002722144126892090e+00
1.435827882960067200e+03 1.022659301757812500e+00
1.435848716029826392e+03 1.009435772895812988e+00
1.435869549099120832e+03 1.010581493377685547e+00
1.435890382167483949e+03 1.003022313117980957e+00
1.435911215235846612e+03 1.000043988227844238e+00
1.435932048303277497e+03 1.007163643836975098e+00
1.435952881370708837e+03 1.005433320999145508e+00
1.435973714437208400e+03 9.976442456245422363e-01
1.435994547503707508e+03 9.997801780700683594e-01
1.436015380569275294e+03 1.004187583923339844e+00
1.436036213634844444e+03 9.993627667427062988e-01
1.436057046699947932e+03 1.000391840934753418e+00
1.436077879764584850e+03 9.961596131324768066e-01
1.436098712829222222e+03 9.987559914588928223e-01
1.436119545892927817e+03 9.969242811203002930e-01
1.436140378956633413e+03 9.966956973075866699e-01
1.436161212019873801e+03 9.942312240600585938e-01
1.436182045083113735e+03 9.941742420196533203e-01
1.436202878145888462e+03 9.991066455841064453e-01
1.436223711208197074e+03 9.966215491294860840e-01
1.436244544270506140e+03 1.001876473426818848e+00
1.436265377332349090e+03 9.920847415924072266e-01
1.436286210394192040e+03 9.934283494949340820e-01
1.436307043455570238e+03 9.952222704887390137e-01
1.436327876517414097e+03 9.977542757987976074e-01
1.436348709578326179e+03 9.937603473663330078e-01
1.436369542639703468e+03 9.975186586380004883e-01
1.436390375701080302e+03 9.995254874229431152e-01
1.436411208761991475e+03 1.000984430313110352e+00
1.436432041822904011e+03 1.001839518547058105e+00
1.436452874884282210e+03 1.007666587829589844e+00
