1.518346164837794277e+03 9.962556958198547363e-01
1.518533668405598519e+03 9.896023273468017578e-01
1.518554502126578200e+03 9.960870742797851562e-01
1.518637836994729923e+03 9.988002777099609375e-01
1.518742005555410742e+03 9.958450794219970703e-01
1.518783672976847811e+03 9.948118925094604492e-01
1.518825340399082961e+03 9.945480823516845703e-01
1.518846174110971788e+03 9.956941604614257812e-01
1.518867007823600716e+03 9.954450130462646484e-01
1.518887841537120039e+03 9.904088973999023438e-01
1.518929508967324864e+03 9.993005394935607910e-01
1.518950342684202724e+03 9.957973361015319824e-01
1.518971176402349101e+03 9.928069114685058594e-01
1.518992010121798103e+03 9.974395632743835449e-01
1.519012843842553593e+03 9.992470741271972656e-01
1.519033677564594882e+03 1.003163456916809082e+00
1.519075345012316802e+03 9.969251155853271484e-01
1.519117012464276968e+03 9.990764260292053223e-01
1.519137846191532390e+03 1.000582575798034668e+00
1.519158679919431052e+03 9.983089566230773926e-01
1.519179513647796512e+03 9.993111491203308105e-01
1.519200347376441414e+03 9.997367858886718750e-01
1.519221181105169308e+03 1.007303237915039062e+00
1.519242014833775784e+03 9.959529042243957520e-01
1.519262848562056888e+03 9.985010027885437012e-01
1.519283682289807302e+03 9.995066523551940918e-01
1.519304516016827392e+03 9.934207201004028320e-01
1.519325349742926846e+03 9.989157915115356445e-01
1.519346183467925812e+03 9.973195791244506836e-01
1.519367017191657396e+03 1.005171895027160645e+00
1.519387850913972898e+03 1.001269221305847168e+00
1.519408684634746578e+03 9.945168495178222656e-01
1.519429518353871117e+03 1.002977967262268066e+00
1.519450352071262614e+03 9.995604753494262695e-01
1.519471185786865590e+03 1.000522255897521973e+00
1.519492019500648894e+03 9.906778931617736816e-01
1.519512853212609571e+03 1.003214597702026367e+00
1.519533686922770130e+03 1.007629036903381348e+00
1.519554520631179003e+03 1.008473992347717285e+00
1.519575354337913268e+03 1.001775145530700684e+00
1.519596188043071152e+03 1.001706242561340332e+00
1.519617021746776118e+03 1.006685853004455566e+00
1.519637855449171411e+03 1.001765966415405273e+00
1.519658689150416421e+03 1.000672817230224609e+00
1.519679522850687363e+03 1.000012755393981934e+00
1.519700356550172955e+03 1.002073645591735840e+00
1.519721190249073516e+03 9.992357492446899414e-01
1.519742023947590042e+03 9.979850053787231445e-01
1.519762857645926488e+03 1.006714940071105957e+00
1.519783691344289764e+03 1.005742311477661133e+00
1.519804525042877458e+03 9.962422847747802734e-01
1.519825358741879654e+03 1.000186443328857422e+00
1.519846192441477569e+03 1.001412987709045410e+00
1.519867026141833549e+03 1.006811022758483887e+00
1.519887859843094930e+03 9.976076483726501465e-01
1.519908693545390406e+03 9.996686577796936035e-01
1.519929527248822296e+03 1.003108143806457520e+00
1.519950360953471318e+03 9.990974068641662598e-01
1.519971194659393632e+03 9.990916252136230469e-01
1.519992028366617433e+03 9.942041039466857910e-01
1.520012862075144767e+03 1.000630021095275879e+00
1.520033695784951078e+03 9.993261098861694336e-01
1.520054529495984070e+03 1.003413319587707520e+00
1.520075363208165527e+03 9.991595745086669922e-01
1.520096196921396313e+03 1.000310301780700684e+00
1.520117030635552283e+03 9.949451684951782227e-01
1.520137864350488826e+03 9.994057416915893555e-01
1.520158698066042234e+03 1.004101037979125977e+00
1.520179531782036520e+03 1.004400849342346191e+00
1.520200365498283873e+03 9.977706074714660645e-01
1.520221199214584658e+03 1.003489613533020020e+00
1.520242032930734467e+03 1.002953290939331055e+00
1.520262866646529574e+03 9.942683577537536621e-01
1.520283700361764886e+03 1.008385539054870605e+00
1.520304534076243954e+03 1.004832148551940918e+00
1.520325367789773964e+03 1.004705548286437988e+00
1.520346201502177564e+03 1.007578730583190918e+00
1.520367035213292183e+03 1.002765893936157227e+00
1.520387868922971165e+03 1.003723263740539551e+00
1.520408702631089000e+03 1.006017684936523438e+00
1.520429536337543368e+03 1.001602053642272949e+00
1.520471203745168850e+03 1.011780381202697754e+00
1.520492037446257655e+03 1.005970478057861328e+00
1.520533704842992393e+03 1.004631161689758301e+00
1.520554538538716770e+03 1.006773114204406738e+00
1.520575372232774498e+03 1.007826089859008789e+00
1.520596205925269032e+03 1.004526853561401367e+00
1.520617039616325883e+03 1.002742052078247070e+00
1.520637873306089205e+03 1.002588391304016113e+00
1.520658706994723161e+03 9.992250204086303711e-01
1.520679540682405332e+03 1.002447247505187988e+00
1.520700374369326028e+03 1.007253766059875488e+00
1.520721208055683292e+03 1.008111000061035156e+00
1.520742041741681987e+03 9.970298409461975098e-01
1.520762875427526524e+03 1.004808783531188965e+00
1.520783709113419263e+03 1.004070520401000977e+00
1.520804542799561887e+03 1.002841234207153320e+00
1.520825376486141295e+03 9.992509484291076660e-01
1.520846210173334839e+03 1.001714348793029785e+00
1.520867043861304865e+03 1.004199504852294922e+00
1.520887877550196208e+03 1.006873011589050293e+00
1.520908711240133698e+03 9.984531402587890625e-01
1.520929544931217606e+03 1.008871912956237793e+00
1.520950378623526149e+03 1.006632089614868164e+00
1.520971212317109575e+03 1.008100628852844238e+00
1.520992046011993807e+03 1.007920145988464355e+00
1.521012879708179071e+03 9.950794577598571777e-01
1.521033713405634217e+03 1.002747535705566406e+00
1.521054547104304675e+03 9.989258050918579102e-01
1.521075380804110637e+03 1.003723740577697754e+00
1.521096214504948875e+03 1.003496289253234863e+00
1.521117048206690470e+03 1.002287745475769043e+00
1.521137881909190583e+03 1.007814049720764160e+00
1.521158715612284368e+03 1.003761053085327148e+00
1.521179549315791746e+03 1.002377986907958984e+00
1.521221216723280577e+03 1.003874659538269043e+00
1.521242050426858214e+03 1.000249505043029785e+00
1.521262884130051589e+03 1.004616022109985352e+00
1.521283717832656976e+03 1.005144476890563965e+00
1.521304551534476332e+03 1.006243467330932617e+00
1.521325385235321846e+03 1.000017285346984863e+00
1.521346218935016850e+03 1.000088095664978027e+00
1.521367052633398998e+03 1.005061745643615723e+00
1.521387886330326864e+03 9.983532428741455078e-01
1.521408720025676303e+03 1.002727031707763672e+00
1.521429553719347041e+03 1.002814412117004395e+00
1.521450387411264501e+03 1.003674387931823730e+00
1.521471221101378205e+03 1.009395360946655273e+00
1.521492054789663598e+03 1.006291270256042480e+00
1.521512888476125454e+03 9.993544220924377441e-01
1.521533722160791285e+03 1.010406017303466797e+00
1.521554555843719527e+03 1.006906270980834961e+00
1.521575389524993170e+03 9.970614910125732422e-01
1.521596223204716352e+03 1.004540085792541504e+00
1.521617056883015039e+03 1.002077460289001465e+00
1.521637890560039750e+03 1.012937426567077637e+00
1.521658724235955333e+03 1.009080767631530762e+00
1.521679557910942549e+03 1.000998497009277344e+00
1.521700391585191255e+03 1.008798360824584961e+00
1.521721225258899949e+03 1.004581689834594727e+00
1.521742058932274404e+03 1.011000871658325195e+00
1.521762892605518800e+03 9.959421157836914062e-01
1.521783726278838458e+03 1.010878682136535645e+00
1.521804559952429372e+03 9.974708557128906250e-01
1.521825393626477990e+03 1.009668588638305664e+00
1.521846227301161662e+03 1.010941028594970703e+00
1.521867060976640232e+03 1.002371072769165039e+00
1.521887894653055582e+03 1.002706527709960938e+00
1.521908728330526856e+03 9.975861310958862305e-01
1.521929562009156371e+03 1.002478837966918945e+00
1.521950395689015750e+03 1.004100441932678223e+00
1.521971229370153424e+03 1.003326892852783203e+00
1.521992063052591220e+03 9.990282058715820312e-01
1.522012896736323455e+03 1.003102064132690430e+00
1.522033730421318069e+03 1.021450519561767578e+00
1.522054564107517990e+03 1.003042101860046387e+00
1.522075397794840001e+03 9.932071566581726074e-01
1.522096231483175188e+03 1.007936716079711914e+00
1.522117065172394405e+03 1.004594802856445312e+00
1.522137898862347583e+03 1.000393509864807129e+00
1.522158732552870106e+03 9.966433048248291016e-01
1.522179566243781437e+03 9.974913001060485840e-01
1.522200399934888992e+03 1.003302454948425293e+00
1.522221233625992227e+03 1.005403399467468262e+00
1.522242067316886278e+03 1.005547881126403809e+00
1.522262901007368100e+03 9.939234852790832520e-01
1.522283734697233285e+03 9.981020092964172363e-01
1.522304568386284700e+03 9.990837574005126953e-01
1.522325402074336125e+03 1.006640315055847168e+00
1.522346235761213165e+03 9.979409575462341309e-01
1.522367069446756886e+03 9.951940178871154785e-01
1.522387903130825180e+03 1.004939317703247070e+00
1.522408736813298674e+03 1.003073692321777344e+00
1.522429570494079826e+03 9.979447722434997559e-01
1.522450404173097013e+03 1.000354886054992676e+00
1.522471237850304078e+03 1.001899242401123047e+00
1.522492071525680331e+03 1.000093698501586914e+00
1.522512905199232819e+03 9.978353977203369141e-01
1.522533738870994284e+03 1.008388280868530273e+00
1.522554572541025436e+03 1.008180141448974609e+00
1.522575406209410176e+03 9.974132776260375977e-01
1.522596239876257869e+03 1.006041049957275391e+00
1.522617073541698801e+03 1.001048088073730469e+00
1.522637907205884630e+03 1.004112601280212402e+00
1.522658740868982704e+03 9.998333454132080078e-01
1.522679574531173557e+03 9.969358444213867188e-01
1.522700408192648183e+03 1.001398682594299316e+00
1.522721241853608717e+03 9.945591092109680176e-01
1.522742075514259568e+03 9.973796010017395020e-01
1.522762909174806509e+03 9.991008639335632324e-01
1.522783742835451449e+03 9.960163831710815430e-01
1.522804576496389927e+03 1.001414060592651367e+00
1.522825410157809074e+03 9.978254437446594238e-01
1.522846243819882602e+03 9.929738640785217285e-01
1.522867077482769673e+03 1.000051617622375488e+00
1.522887911146608076e+03 9.987620115280151367e-01
1.522908744811515589e+03 9.973064064979553223e-01
1.522929578477587711e+03 9.985297322273254395e-01
1.522950412144896745e+03 9.996727108955383301e-01
1.522971245813486803e+03 9.966346621513366699e-01
1.522992079483375164e+03 1.001381397247314453e+00
1.523012913154553644e+03 1.000345945358276367e+00
1.523033746826987681e+03 9.944156408309936523e-01
1.523054580500614975e+03 9.952452778816223145e-01
1.523075414175348214e+03 9.956151247024536133e-01
1.523096247851077351e+03 9.967291951179504395e-01
1.523117081527668915e+03 9.993990063667297363e-01
1.523137915204973524e+03 9.955924153327941895e-01
1.523158748882822465e+03 9.933937191963195801e-01
1.523179582561032021e+03 1.002899408340454102e+00
1.523200416239409606e+03 9.981024265289306641e-01
1.523221249917754449e+03 9.986779093742370605e-01
1.523242083595864187e+03 9.932891130447387695e-01
1.523262917273531457e+03 9.964119791984558105e-01
1.523283750950553213e+03 9.972299933433532715e-01
1.523304584626734595e+03 9.983721375465393066e-01
1.523325418301889613e+03 9.965938925743103027e-01
1.523346251975846599e+03 9.988774061203002930e-01
1.523367085648447983e+03 9.980607032775878906e-01
1.523387919319555294e+03 9.946873784065246582e-01
1.523408752989052118e+03 9.953045845031738281e-01
1.523429586656843867e+03 9.953924417495727539e-01
1.523450420322863010e+03 9.921217560768127441e-01
1.523471253987065438e+03 9.935134649276733398e-01
1.523492087649433870e+03 1.004250049591064453e+00
1.523512921309979220e+03 9.955467581748962402e-01
1.523533754968737867e+03 9.937125444412231445e-01
1.523554588625774159e+03 9.908530712127685547e-01
1.523575422281175179e+03 9.995166659355163574e-01
1.523596255935053023e+03 9.983718991279602051e-01
1.523617089587541386e+03 1.005994081497192383e+00
1.523658756888977678e+03 9.943635463714599609e-01
1.523679590538276898e+03 9.993267655372619629e-01
1.523700424186885130e+03 9.977614283561706543e-01
1.523721257835004963e+03 9.975193738937377930e-01
1.523742091482839669e+03 9.948813915252685547e-01
1.523762925130595022e+03 9.974712729454040527e-01
1.523783758778472020e+03 9.996436834335327148e-01
1.523804592426666431e+03 9.982117414474487305e-01
1.523825426075361747e+03 9.935325980186462402e-01
1.523846259724733045e+03 9.931406378746032715e-01
1.523867093374933120e+03 9.970909953117370605e-01
1.523887927026099760e+03 9.999340176582336426e-01
1.523908760678348699e+03 9.948670268058776855e-01
1.523950427986436353e+03 9.989234209060668945e-01
1.523971261642382615e+03 9.943974018096923828e-01
1.523992095299626271e+03 9.927691221237182617e-01
1.524012928958155271e+03 9.942425489425659180e-01
1.524033762617931643e+03 9.969618320465087891e-01
1.524054596278888994e+03 9.996017217636108398e-01
1.524075429940936829e+03 9.974868893623352051e-01
1.524096263603962825e+03 9.937294125556945801e-01
1.524117097267831468e+03 9.996740221977233887e-01
1.524137930932390645e+03 9.941511154174804688e-01
1.524158764597467780e+03 9.951208829879760742e-01
1.524179598262879836e+03 9.947581887245178223e-01
1.524200431928430589e+03 9.929825067520141602e-01
1.524221265593922226e+03 9.938656687736511230e-01
1.524242099259147835e+03 9.969236254692077637e-01
1.524262932923901417e+03 9.985239505767822266e-01
1.524283766587982882e+03 9.915799498558044434e-01
1.524304600251196916e+03 9.923725128173828125e-01
1.524325433913360484e+03 9.946739673614501953e-01
1.524346267574302374e+03 9.991910457611083984e-01
1.524367101233866606e+03 9.946215152740478516e-01
1.524387934891918576e+03 9.933174252510070801e-01
1.524408768548344142e+03 9.923480749130249023e-01
1.524429602203054401e+03 9.924439191818237305e-01
1.524450435855981368e+03 9.948138594627380371e-01
1.524471269507085935e+03 9.983131289482116699e-01
1.524492103156354005e+03 9.927667975425720215e-01
1.524512936803800358e+03 9.946033954620361328e-01
1.524533770449466601e+03 9.924305677413940430e-01
1.524554604093417993e+03 9.943130612373352051e-01
1.524575437735744799e+03 9.905964136123657227e-01
1.524596271376564346e+03 9.875290393829345703e-01
1.524617105016011692e+03 9.889019727706909180e-01
1.524637938654241680e+03 1.001028418540954590e+00
1.524658772291424384e+03 9.899435639381408691e-01
1.524679605927745797e+03 9.944519400596618652e-01
1.524700439563401005e+03 1.003375172615051270e+00
1.524721273198592371e+03 9.975854754447937012e-01
1.524742106833523621e+03 9.952724575996398926e-01
1.524762940468398938e+03 9.916583299636840820e-01
1.524783774103421138e+03 9.970057606697082520e-01
1.524825441374670845e+03 9.942318201065063477e-01
1.524846275011251691e+03 9.959267973899841309e-01
1.524867108648678823e+03 9.947261810302734375e-01
1.524887942287086389e+03 9.906325340270996094e-01
1.524908775926588532e+03 9.944837093353271484e-01
1.524929609567273246e+03 9.932844042778015137e-01
1.524950443209204195e+03 1.002835392951965332e+00
1.524971276852419351e+03 9.928212165832519531e-01
1.524992110496930081e+03 9.966535568237304688e-01
1.525012944142721153e+03 9.944979548454284668e-01
1.525033777789750047e+03 1.000093817710876465e+00
1.525054611437946733e+03 9.927274584770202637e-01
1.525075445087219805e+03 9.990816712379455566e-01
1.525096278737452167e+03 1.001945495605468750e+00
1.525117112388507394e+03 9.970596432685852051e-01
1.525137946040229053e+03 9.999177455902099609e-01
1.525158779692442522e+03 9.979450702667236328e-01
1.525179613344964764e+03 9.939675927162170410e-01
1.525200446997599329e+03 9.942865967750549316e-01
1.525242114302396203e+03 9.994783401489257812e-01
1.525262947954147876e+03 1.001165866851806641e+00
1.525283781605198328e+03 9.995406270027160645e-01
1.525304615255356566e+03 9.989733695983886719e-01
1.525325448904438645e+03 9.960436224937438965e-01
1.525346282552274943e+03 9.985517859458923340e-01
1.525367116198713802e+03 9.972822070121765137e-01
1.525387949843622437e+03 9.993996620178222656e-01
1.525408783486891252e+03 9.945179224014282227e-01
1.525429617128430891e+03 9.990677833557128906e-01
1.525450450768178598e+03 9.926991462707519531e-01
1.525471284406099585e+03 9.971245527267456055e-01
1.525492118042182256e+03 9.947084784507751465e-01
1.525512951676446846e+03 9.942348003387451172e-01
1.525533785308935876e+03 9.887573122978210449e-01
1.525554618939718921e+03 1.001203894615173340e+00
1.525596286196567917e+03 9.963136315345764160e-01
1.525617119822891482e+03 9.973731637001037598e-01
1.525637953448016788e+03 9.955549240112304688e-01
1.525658787072118002e+03 9.933652877807617188e-01
1.525679620695380891e+03 9.991737604141235352e-01
1.525700454318001903e+03 9.971154928207397461e-01
1.525721287940183629e+03 9.974098801612854004e-01
1.525742121562130933e+03 9.958869218826293945e-01
1.525762955184047769e+03 1.000691294670104980e+00
1.525783788806134680e+03 9.995296001434326172e-01
1.525804622428586072e+03 1.002525687217712402e+00
1.525825456051582478e+03 1.004310369491577148e+00
1.525846289675291246e+03 9.976286292076110840e-01
1.525867123299863579e+03 1.000716805458068848e+00
1.525887956925432036e+03 1.003846406936645508e+00
1.525908790552106666e+03 9.983017444610595703e-01
1.525929624179971370e+03 9.992910027503967285e-01
1.525950457809086629e+03 1.001426577568054199e+00
1.525971291439488368e+03 9.968928098678588867e-01
1.525992125071183636e+03 1.000920176506042480e+00
1.526012958704153334e+03 9.968768358230590820e-01
1.526033792338350850e+03 1.000133872032165527e+00
1.526054625973705242e+03 1.001160740852355957e+00
1.526075459610118514e+03 1.003755927085876465e+00
1.526096293247474932e+03 9.953870773315429688e-01
1.526117126885632160e+03 1.005121588706970215e+00
1.526137960524430127e+03 1.001626729965209961e+00
1.526158794163697394e+03 1.002338528633117676e+00
1.526179627803245239e+03 1.005148172378540039e+00
1.526200461442879714e+03 1.001785993576049805e+00
1.526221295082394818e+03 9.989396929740905762e-01
1.526242128721586596e+03 9.933503270149230957e-01
1.526262962360251322e+03 1.003881335258483887e+00
1.526283795998188452e+03 1.004130959510803223e+00
1.526304629635206766e+03 9.897868633270263672e-01
1.526325463271122771e+03 9.950558543205261230e-01
1.526346296905771624e+03 1.001980423927307129e+00
1.526367130539002801e+03 9.966122508049011230e-01
1.526387964170687383e+03 1.001969695091247559e+00
1.526408797800716911e+03 1.002875328063964844e+00
1.526429631429004985e+03 1.004013299942016602e+00
1.526450465055494078e+03 9.960992336273193359e-01
1.526471298680152358e+03 1.000609755516052246e+00
1.526492132302971640e+03 1.001331329345703125e+00
1.526512965923974207e+03 9.955098032951354980e-01
1.526533799543207351e+03 1.000731945037841797e+00
1.526554633160744515e+03 1.003036141395568848e+00
1.526575466776682561e+03 9.994012713432312012e-01
1.526596300391144041e+03 9.998082518577575684e-01
1.526617134004268564e+03 9.990577101707458496e-01
1.526637967616213928e+03 9.980207085609436035e-01
1.526658801227158165e+03 1.001624345779418945e+00
1.526679634837288631e+03 1.004864573478698730e+00
1.526700468446801324e+03 1.000750303268432617e+00
1.526721302055898605e+03 9.989047646522521973e-01
1.526742135664786247e+03 1.002300143241882324e+00
1.526783802882749569e+03 9.979085922241210938e-01
1.526804636492215195e+03 1.001348137855529785e+00
1.526825470102247436e+03 9.997168779373168945e-01
1.526846303713011139e+03 9.972617030143737793e-01
1.526887970937311366e+03 1.001608252525329590e+00
1.526908804551082312e+03 9.974396824836730957e-01
1.526929638166050609e+03 9.982210993766784668e-01
1.526950471782274690e+03 1.003098368644714355e+00
1.526971305399787525e+03 9.868792891502380371e-01
1.526992139018591388e+03 1.003318548202514648e+00
1.527012972638661950e+03 1.002183794975280762e+00
1.527033806259951461e+03 1.002611279487609863e+00
1.527054639882384890e+03 1.005461812019348145e+00
1.527075473505863556e+03 1.003186225891113281e+00
1.527096307130264449e+03 1.004337191581726074e+00
1.527117140755443870e+03 1.004568815231323242e+00
1.527137974381241975e+03 1.007860541343688965e+00
1.527158808007484140e+03 1.003542065620422363e+00
1.527179641633981419e+03 9.989340305328369141e-01
1.527200475260535541e+03 9.952438473701477051e-01
1.527221308886943461e+03 1.005161762237548828e+00
1.527242142512999408e+03 1.002106904983520508e+00
1.527262976138499880e+03 9.995546936988830566e-01
1.527283809763245699e+03 1.002791643142700195e+00
1.527304643387044734e+03 1.002725720405578613e+00
1.527325477009719862e+03 1.005575656890869141e+00
1.527346310631105553e+03 1.001322984695434570e+00
1.527367144251054015e+03 1.006439805030822754e+00
1.527408811486152217e+03 1.003117442131042480e+00
1.527429645101115739e+03 1.002926945686340332e+00
1.527450478714272549e+03 1.000597000122070312e+00
1.527471312325594226e+03 9.973896741867065430e-01
1.527492145935078270e+03 9.998402595520019531e-01
1.527512979542748099e+03 1.000866055488586426e+00
1.527533813148655554e+03 1.007604241371154785e+00
1.527554646752876579e+03 1.000154018402099609e+00
1.527575480355512354e+03 1.003090739250183105e+00
1.527596313956685663e+03 1.001858830451965332e+00
1.527617147556540431e+03 1.001902461051940918e+00
1.527637981155238322e+03 1.006319522857666016e+00
1.527658814752958051e+03 1.002390384674072266e+00
1.527679648349886520e+03 9.971817135810852051e-01
1.527700481946221998e+03 1.006996035575866699e+00
1.527721315542168668e+03 1.004576325416564941e+00
1.527742149137931392e+03 1.000460624694824219e+00
1.527762982733714352e+03 1.001610875129699707e+00
1.527783816329717865e+03 9.972352385520935059e-01
1.527804649926129059e+03 9.983240365982055664e-01
1.527825483523128696e+03 1.004459857940673828e+00
1.527846317120879803e+03 1.002692580223083496e+00
1.527867150719528354e+03 1.002354621887207031e+00
1.527887984319200541e+03 9.969730973243713379e-01
1.527908817919999365e+03 1.000875830650329590e+00
1.527929651522003951e+03 1.002826452255249023e+00
1.527950485125269097e+03 1.000971436500549316e+00
1.527971318729822542e+03 1.000201940536499023e+00
1.527992152335662468e+03 1.000779986381530762e+00
1.528012985942764544e+03 1.002249836921691895e+00
1.528033819551075567e+03 9.995964765548706055e-01
1.528054653160518455e+03 1.006507992744445801e+00
1.528075486770990210e+03 1.002713322639465332e+00
1.528096320382363729e+03 1.001953840255737305e+00
1.528117153994495538e+03 1.004645943641662598e+00
1.528137987607222385e+03 1.003441214561462402e+00
1.528158821220368509e+03 9.961958527565002441e-01
1.528179654833742006e+03 1.000974655151367188e+00
1.528200488447144380e+03 1.007172465324401855e+00
1.528221322060372358e+03 1.003699779510498047e+00
1.528242155673219486e+03 9.997138977050781250e-01
1.528262989285484764e+03 1.003208637237548828e+00
1.528283822896968104e+03 1.005205035209655762e+00
1.528304656507480331e+03 1.004388570785522461e+00
1.528325490116842957e+03 1.004313349723815918e+00
1.528346323724894546e+03 9.992044568061828613e-01
1.528367157331489807e+03 1.004338622093200684e+00
1.528387990936503456e+03 1.003363609313964844e+00
1.528408824539836132e+03 1.001608729362487793e+00
1.528429658141406890e+03 1.007540106773376465e+00
1.528450491741164569e+03 1.003650188446044922e+00
1.528471325339083933e+03 1.000831961631774902e+00
1.528492158935165435e+03 1.002248048782348633e+00
1.528512992529436815e+03 9.990741014480590820e-01
1.528533826121953098e+03 1.002013921737670898e+00
1.528554659712793409e+03 1.001815915107727051e+00
1.528575493302062114e+03 1.007738232612609863e+00
1.528596326889884949e+03 1.003938913345336914e+00
1.528617160476407662e+03 9.997256398200988770e-01
1.528637994061796917e+03 1.001635670661926270e+00
1.528658827646227564e+03 1.000499010086059570e+00
1.528679661229892190e+03 1.005139708518981934e+00
1.528700494812989518e+03 1.000409364700317383e+00
1.528721328395723049e+03 1.003471374511718750e+00
1.528742161978300373e+03 9.976396560668945312e-01
1.528762995560921127e+03 1.003120422363281250e+00
1.528783829143785169e+03 9.991624951362609863e-01
1.528804662727081677e+03 1.003102421760559082e+00
1.528825496310987319e+03 1.007566928863525391e+00
1.528846329895663530e+03 9.975975751876831055e-01
1.528867163481253783e+03 1.003192663192749023e+00
1.528887997067880860e+03 1.005979537963867188e+00
1.528908830655644806e+03 1.001264691352844238e+00
1.528929664244622700e+03 1.002678155899047852e+00
1.528950497834864109e+03 1.006521701812744141e+00
1.528971331426393590e+03 1.003809928894042969e+00
1.528992165019207960e+03 1.002575635910034180e+00
1.529012998613277887e+03 1.000164985656738281e+00
1.529033832208546528e+03 9.959143400192260742e-01
1.529054665804932711e+03 9.977524280548095703e-01
1.535054728214555553e+03 9.828090667724609375e-01
1.535096395250939395e+03 9.764546751976013184e-01
1.535117228770116071e+03 9.852240085601806641e-01
1.535242229887244775e+03 9.921647906303405762e-01
1.535263063405237745e+03 9.898682832717895508e-01
1.535283896922265967e+03 9.899664521217346191e-01
1.535304730438152319e+03 9.942057132720947266e-01
1.535325563952733319e+03 9.914380311965942383e-01
1.535346397465862310e+03 9.962607622146606445e-01
1.535367230977411509e+03 9.976482987403869629e-01
1.535388064487277461e+03 9.980239868164062500e-01
1.535408897995381267e+03 9.986317753791809082e-01
1.535429731501668812e+03 1.001358985900878906e+00
1.535450565006110082e+03 9.930207729339599609e-01
1.535471398508703942e+03 1.002574443817138672e+00
1.535492232009478357e+03 1.001414656639099121e+00
1.535513065508485170e+03 9.978758096694946289e-01
1.535533899005800549e+03 9.996818900108337402e-01
1.535554732501527269e+03 1.000597000122070312e+00
1.535575565995788565e+03 1.002547025680541992e+00
1.535596399488731095e+03 9.937490820884704590e-01
1.535617232980516519e+03 1.004543781280517578e+00
1.535638066471321963e+03 1.008150815963745117e+00
1.535679733450761432e+03 1.004542231559753418e+00
1.535700566939797909e+03 1.004947781562805176e+00
1.535721400428652032e+03 9.953731894493103027e-01
1.535742233917526846e+03 1.002559065818786621e+00
1.535763067406620621e+03 9.993348717689514160e-01
1.535783900896125033e+03 9.988030195236206055e-01
1.535804734386216523e+03 9.935187101364135742e-01
1.535825567877058575e+03 1.004180550575256348e+00
1.535846401368795796e+03 1.003739237785339355e+00
1.535867234861552333e+03 1.008626818656921387e+00
1.535888068355432097e+03 1.000762343406677246e+00
1.535908901850512848e+03 1.002143979072570801e+00
1.535929735346846655e+03 1.003103375434875488e+00
1.535950568844460349e+03 9.990971684455871582e-01
1.535971402343352338e+03 1.001927495002746582e+00
1.535992235843494882e+03 9.937948584556579590e-01
1.536013069344835458e+03 9.957737922668457031e-01
1.536033902847294939e+03 1.001128673553466797e+00
1.536054736350766689e+03 9.925496578216552734e-01
1.536075569855127469e+03 9.983167648315429688e-01
1.536096403360230170e+03 9.968293905258178711e-01
1.536117236865911764e+03 1.000802040100097656e+00
1.536138070371993763e+03 1.001296162605285645e+00
1.536158903878284036e+03 9.991384744644165039e-01
1.536179737384585451e+03 9.967631697654724121e-01
1.536200570890694280e+03 9.993613958358764648e-01
1.536221404396405205e+03 1.005639791488647461e+00
1.536242237901514272e+03 9.885836839675903320e-01
1.536263071405822302e+03 9.952763915061950684e-01
1.536283904909142393e+03 9.909278154373168945e-01
1.536304738411297876e+03 1.000185489654541016e+00
1.536325571912125042e+03 9.889272451400756836e-01
1.536346405411480191e+03 9.931892752647399902e-01
1.536367238909241223e+03 9.978622794151306152e-01
1.536388072405305593e+03 9.990415573120117188e-01
1.536408905899599176e+03 9.945475459098815918e-01
1.536429739392068768e+03 9.985805153846740723e-01
1.536450572882689130e+03 9.942204952239990234e-01
1.536471406371464354e+03 9.897384643554687500e-01
1.536492239858424909e+03 1.002688765525817871e+00
1.536513073343623091e+03 9.941443204879760742e-01
1.536533906827140754e+03 9.988833069801330566e-01
1.536575573789580631e+03 1.002298116683959961e+00
1.536596407268776602e+03 9.990521669387817383e-01
1.536617240746836387e+03 1.000384449958801270e+00
1.536638074223940066e+03 9.991168379783630371e-01
1.536658907700277496e+03 1.000426769256591797e+00
1.536679741176048765e+03 1.008241176605224609e+00
1.536700574651458965e+03 1.007017016410827637e+00
1.536721408126712049e+03 9.982556700706481934e-01
1.536742241602011063e+03 1.003480195999145508e+00
1.536763075077554959e+03 9.959130287170410156e-01
1.536783908553530864e+03 9.953923225402832031e-01
1.536804742030115221e+03 9.988406896591186523e-01
1.536825575507468102e+03 9.973661303520202637e-01
1.536846408985733206e+03 9.893307685852050781e-01
1.536867242465033314e+03 1.002890229225158691e+00
1.536888075945465516e+03 1.005517363548278809e+00
1.536908909427106437e+03 1.003206729888916016e+00
1.536929742910004052e+03 9.964434504508972168e-01
1.536950576394180871e+03 9.996089339256286621e-01
1.536971409879633256e+03 1.005324482917785645e+00
1.536992243366331877e+03 1.002164721488952637e+00
1.537013076854216706e+03 9.956310987472534180e-01
1.537033910343205662e+03 1.002475619316101074e+00
1.537054743833191651e+03 1.010292768478393555e+00
1.537075577324048709e+03 1.003742218017578125e+00
1.537096410815626086e+03 1.013543009757995605e+00
1.537117244307756664e+03 9.982970952987670898e-01
1.537138077800261954e+03 9.987493753433227539e-01
1.537158911292951188e+03 1.007423281669616699e+00
1.537179744785623370e+03 1.002073168754577637e+00
1.537200578278075454e+03 1.010116577148437500e+00
1.537221411770099394e+03 1.003610610961914062e+00
1.537242245261495555e+03 1.010658383369445801e+00
1.537263078752064757e+03 1.008404374122619629e+00
1.537283912241621010e+03 1.012967348098754883e+00
1.537304745729987644e+03 1.004764199256896973e+00
1.537325579217006180e+03 1.002867579460144043e+00
1.537346412702534280e+03 9.961776733398437500e-01
1.537367246186452121e+03 1.003357768058776855e+00
1.537388079668661476e+03 9.992607831954956055e-01
1.537408913149090495e+03 1.001591324806213379e+00
1.537429746627688928e+03 1.001082777976989746e+00
1.537450580104437222e+03 1.004387259483337402e+00
1.537471413579341288e+03 1.005090594291687012e+00
1.537492247052434550e+03 1.007123470306396484e+00
1.537513080523774079e+03 1.008239269256591797e+00
1.537533913993444685e+03 9.984736442565917969e-01
1.537554747461554825e+03 1.007391810417175293e+00
1.537575580928235695e+03 9.988268017768859863e-01
1.537596414393635769e+03 1.005072951316833496e+00
1.537617247857920574e+03 1.007915258407592773e+00
1.537638081321272011e+03 1.006315827369689941e+00
1.537658914783882665e+03 1.006041049957275391e+00
1.537679748245953988e+03 1.000110983848571777e+00
1.537700581707689253e+03 9.950219988822937012e-01
1.537721415169291959e+03 1.004583001136779785e+00
1.537742248630966060e+03 1.000000715255737305e+00
1.537763082092910054e+03 1.007019639015197754e+00
1.537783915555309250e+03 1.009420990943908691e+00
1.537804749018336906e+03 9.987447857856750488e-01
1.537825582482151731e+03 1.008258581161499023e+00
1.537846415946894922e+03 9.987326264381408691e-01
1.537867249412686988e+03 1.007235288619995117e+00
1.537908916347770173e+03 1.001680850982666016e+00
1.537929749817179299e+03 1.002060413360595703e+00
1.537950583287868085e+03 9.967697262763977051e-01
1.537971416759830390e+03 1.001813888549804688e+00
1.537992250233030290e+03 9.942315220832824707e-01
1.538013083707405031e+03 1.000439763069152832e+00
1.538033917182870709e+03 9.974344372749328613e-01
1.538054750659318643e+03 1.002775549888610840e+00
1.538075584136616271e+03 9.982335567474365234e-01
1.538096417614611937e+03 1.002705216407775879e+00
1.538117251093137838e+03 1.002385258674621582e+00
1.538138084572012986e+03 1.003804445266723633e+00
1.538158918051044793e+03 9.986711144447326660e-01
1.538179751530032945e+03 1.005954504013061523e+00
1.538200585008771895e+03 9.957122802734375000e-01
1.538221418487055644e+03 9.930343031883239746e-01
1.538242251964683192e+03 9.998325705528259277e-01
1.538263085441458770e+03 1.000639200210571289e+00
1.538283918917195706e+03 9.985028505325317383e-01
1.538304752391720740e+03 1.007748365402221680e+00
1.538325585864876757e+03 9.995172023773193359e-01
1.538346419336524377e+03 9.989969730377197266e-01
1.538367252806546276e+03 1.006503224372863770e+00
1.538388086274848320e+03 9.943078160285949707e-01
1.538408919741359341e+03 1.006719708442687988e+00
1.538429753206036139e+03 9.998242855072021484e-01
1.538450586668862115e+03 1.005662560462951660e+00
1.538471420129844546e+03 1.001888275146484375e+00
1.538492253589019128e+03 1.002299427986145020e+00
1.538513087046450664e+03 9.901330471038818359e-01
1.538533920502225101e+03 1.000727891921997070e+00
1.538554753956454988e+03 9.940440058708190918e-01
1.538575587409272202e+03 1.001579165458679199e+00
1.538596420860826356e+03 9.996922016143798828e-01
1.538617254311289116e+03 9.967480897903442383e-01
1.538638087760842382e+03 1.003117799758911133e+00
1.538658921209680102e+03 1.001282095909118652e+00
1.538679754658003503e+03 9.921736717224121094e-01
1.538700588106015630e+03 1.006321907043457031e+00
1.538721421553921800e+03 1.001568078994750977e+00
1.538742255001925514e+03 1.008665442466735840e+00
1.538763088450221858e+03 9.887452721595764160e-01
1.538783921898995459e+03 9.995528459548950195e-01
1.538804755348418666e+03 9.974990487098693848e-01
1.538825588798649051e+03 9.932766556739807129e-01
1.538846422249824172e+03 1.003719925880432129e+00
1.538867255702058856e+03 9.967184066772460938e-01
1.538888089155445414e+03 1.000365614891052246e+00
1.538908922610053651e+03 9.971215128898620605e-01
1.538929756065925176e+03 1.001208901405334473e+00
1.538950589523077724e+03 1.001305341720581055e+00
1.538971422981498336e+03 9.996389746665954590e-01
1.538992256441147674e+03 1.001701593399047852e+00
1.539013089901962985e+03 1.003892898559570312e+00
1.539033923363854683e+03 9.892119765281677246e-01
1.539054756826711127e+03 9.937002062797546387e-01
1.539075590290397258e+03 1.012742757797241211e+00
1.539096423754759599e+03 1.002119421958923340e+00
1.539117257219628982e+03 9.965143799781799316e-01
1.539138090684823055e+03 9.929802417755126953e-01
1.539158924150145822e+03 1.000000000000000000e+00
1.539179757615395374e+03 1.006385684013366699e+00
1.539200591080368213e+03 9.971570372581481934e-01
1.539221424544859246e+03 9.949257373809814453e-01
1.539242258008667932e+03 9.935978055000305176e-01
1.539263091471597136e+03 9.958890676498413086e-01
1.539283924933463368e+03 9.953901767730712891e-01
1.539304758394094961e+03 1.000112652778625488e+00
1.539325591853337301e+03 1.006656289100646973e+00
1.539346425311055555e+03 9.997669458389282227e-01
1.539367258767132398e+03 9.931005239486694336e-01
1.539388092221476654e+03 9.959417581558227539e-01
1.539408925674022157e+03 9.931129813194274902e-01
1.539429759124729117e+03 9.868163466453552246e-01
1.539450592573582526e+03 9.974004626274108887e-01
1.539471426020595572e+03 9.978410601615905762e-01
1.539492259465806910e+03 9.954552650451660156e-01
1.539513092909283841e+03 9.926283359527587891e-01
1.539533926351117316e+03 1.001935005187988281e+00
1.539554759791421247e+03 1.006890773773193359e+00
1.539575593230327740e+03 9.889182448387145996e-01
1.539596426667994365e+03 9.969537854194641113e-01
1.539617260104590514e+03 9.982727169990539551e-01
1.539638093540302407e+03 9.973688721656799316e-01
1.539658926975322629e+03 1.000776648521423340e+00
1.539700593844098648e+03 1.006828427314758301e+00
1.539721427278265537e+03 9.987546801567077637e-01
1.539742260712554526e+03 9.971320033073425293e-01
1.539763094147160245e+03 9.959375262260437012e-01
1.539783927582266188e+03 9.938883781433105469e-01
1.539804761018042427e+03 9.899743795394897461e-01
1.539825594454643806e+03 9.972389936447143555e-01
1.539846427892204701e+03 9.994394183158874512e-01
1.539867261330836982e+03 1.003785967826843262e+00
1.539888094770632051e+03 1.000703573226928711e+00
1.539908928211654484e+03 1.007243633270263672e+00
1.539929761653944070e+03 1.005608439445495605e+00
1.539950595097512632e+03 1.004577994346618652e+00
1.539971428542343574e+03 1.001126766204833984e+00
1.539992261988396876e+03 9.920960664749145508e-01
1.540013095435604782e+03 1.000362157821655273e+00
1.540033928883875433e+03 1.000330209732055664e+00
1.540054762333093095e+03 1.003655433654785156e+00
1.540075595783119979e+03 9.985342025756835938e-01
1.540096429233802155e+03 9.956924319267272949e-01
1.540117262684967500e+03 1.005218267440795898e+00
1.540138096136429340e+03 9.999016523361206055e-01
1.540158929587993725e+03 1.000002384185791016e+00
1.540179763039457384e+03 1.006175637245178223e+00
1.540200596490617500e+03 9.924127459526062012e-01
1.540221429941268070e+03 9.962324500083923340e-01
1.540242263391208326e+03 9.964643120765686035e-01
1.540263096840243861e+03 9.968410730361938477e-01
1.540283930288192778e+03 9.935114979743957520e-01
1.540304763734884546e+03 1.001704931259155273e+00
1.540325597180167279e+03 9.967077970504760742e-01
1.540346430623907509e+03 9.910732507705688477e-01
1.540367264065993140e+03 9.947442412376403809e-01
1.540388097506334816e+03 9.943153262138366699e-01
1.540408930944870917e+03 1.003969907760620117e+00
1.540429764381563473e+03 9.963297843933105469e-01
1.540450597816402933e+03 9.900954961776733398e-01
1.540471431249403622e+03 9.998607635498046875e-01
1.540492264680609878e+03 1.003213882446289062e+00
1.540513098110091278e+03 9.957008361816406250e-01
1.540533931537941498e+03 9.928039312362670898e-01
1.540554764964275819e+03 1.002373933792114258e+00
1.540575598389233846e+03 1.004287838935852051e+00
1.540596431812971787e+03 9.997199177742004395e-01
1.540617265235663353e+03 1.002045989036560059e+00
1.540638098657492719e+03 9.997689127922058105e-01
1.540658932078656335e+03 1.002690196037292480e+00
1.540700598919798040e+03 9.931074976921081543e-01
1.540721432340186993e+03 9.995462894439697266e-01
1.540742265760722375e+03 9.933348298072814941e-01
1.540763099181597909e+03 9.962493777275085449e-01
1.540783932602995947e+03 9.995987415313720703e-01
1.540804766025085428e+03 9.943942427635192871e-01
1.540825599448018011e+03 9.991829395294189453e-01
1.540846432871925117e+03 9.959149956703186035e-01
1.540867266296916569e+03 9.937903881072998047e-01
1.540888099723079449e+03 1.001183748245239258e+00
1.540929766579142552e+03 9.992714524269104004e-01
1.540950600009085065e+03 9.997490048408508301e-01
1.540971433440286546e+03 1.002336263656616211e+00
1.540992266872701748e+03 1.000813603401184082e+00
1.541013100306260867e+03 9.983322620391845703e-01
1.541033933740867951e+03 1.001954436302185059e+00
1.541054767176402947e+03 9.961000084877014160e-01
1.541075600612728294e+03 1.002717375755310059e+00
1.541117267487102254e+03 9.931421279907226562e-01
1.541138100924789796e+03 1.001649975776672363e+00
1.541158934362552145e+03 9.974543452262878418e-01
1.541179767800187392e+03 9.972715377807617188e-01
1.541200601237491128e+03 9.978898167610168457e-01
1.541221434674258035e+03 1.000463485717773438e+00
1.541242268110287114e+03 9.984413385391235352e-01
1.541263101545386917e+03 9.931315779685974121e-01
1.541283934979375317e+03 1.000186800956726074e+00
1.541304768412086332e+03 1.008850097656250000e+00
1.541325601843368531e+03 1.001767873764038086e+00
1.541346435273090492e+03 9.981020092964172363e-01
1.541367268701144212e+03 1.006026268005371094e+00
1.541388102127444881e+03 1.001792669296264648e+00
1.541408935551932245e+03 1.006725907325744629e+00
1.541429768974572880e+03 9.985297322273254395e-01
1.541450602395357919e+03 1.000115871429443359e+00
1.541471435814309643e+03 1.005086660385131836e+00
1.541492269231473983e+03 9.997951388359069824e-01
1.541513102646923471e+03 1.003545045852661133e+00
1.541533936060753831e+03 9.995309710502624512e-01
1.541554769473085344e+03 1.002157807350158691e+00
1.541575602884059435e+03 1.003837823867797852e+00
1.541596436293835040e+03 9.999560713768005371e-01
1.541617269702585872e+03 1.002178668975830078e+00
1.541638103110498832e+03 1.001948356628417969e+00
1.541658936517772190e+03 1.007977962493896484e+00
1.541679769924608308e+03 9.999808669090270996e-01
1.541700603331212506e+03 1.000936150550842285e+00
1.541721436737789418e+03 1.002009510993957520e+00
1.541742270144537997e+03 1.000711202621459961e+00
1.541763103551650374e+03 1.006508588790893555e+00
1.541783936959308903e+03 1.011680245399475098e+00
1.541804770367677975e+03 1.005489826202392578e+00
1.541825603776906974e+03 1.003996372222900391e+00
1.541846437187125730e+03 1.004022240638732910e+00
1.541867270598441792e+03 1.002342104911804199e+00
1.541888104010938832e+03 1.007488250732421875e+00
1.541908937424675059e+03 1.002695441246032715e+00
1.541929770839679804e+03 1.007271170616149902e+00
1.541950604255961025e+03 1.005338191986083984e+00
1.541971437673496212e+03 1.003574609756469727e+00
1.541992271092237843e+03 1.004828572273254395e+00
