1.491660006781161201e+03 9.810729622840881348e-01
1.491680840772408146e+03 1.125015020370483398e+00
1.491701674764353356e+03 1.122828006744384766e+00
1.491722508756531397e+03 1.048179507255554199e+00
1.491743342749175326e+03 1.018869280815124512e+00
1.491764176742052086e+03 9.524831175804138184e-01
1.491785010734928846e+03 1.159425258636474609e+00
1.491805844728271040e+03 1.152044653892517090e+00
1.491826678721846065e+03 9.689474105834960938e-01
1.491847512715188486e+03 9.832534193992614746e-01
1.491868346708763738e+03 1.095717906951904297e+00
1.491889180702338763e+03 1.014530897140502930e+00
1.491910014695913787e+03 1.023864150047302246e+00
1.491930848689489039e+03 9.990965127944946289e-01
1.491951682682831461e+03 9.608473777770996094e-01
1.491972516676173882e+03 1.046693682670593262e+00
1.491993350669283927e+03 1.043269991874694824e+00
1.492014184662161142e+03 9.739890098571777344e-01
1.492035018654805071e+03 1.014830231666564941e+00
1.492055852647449001e+03 1.024401783943176270e+00
1.492076686639627269e+03 9.274243116378784180e-01
1.492097520631805310e+03 1.073837637901306152e+00
1.492118354623284858e+03 1.086614727973937988e+00
1.492139188614764635e+03 9.435581564903259277e-01
1.492160022605778749e+03 1.014609932899475098e+00
1.492180856596560034e+03 1.124835968017578125e+00
1.492201690586875429e+03 9.720686674118041992e-01
1.492222524576957994e+03 9.057458639144897461e-01
1.492243358566575125e+03 8.876113891601562500e-01
1.492264192555726595e+03 9.537529349327087402e-01
1.492285026544412403e+03 8.178086280822753906e-01
1.492305860532865154e+03 1.023203611373901367e+00
1.492326694520619412e+03 9.329697489738464355e-01
1.492347528508141068e+03 9.035587906837463379e-01
1.492368362495197061e+03 1.050418257713317871e+00
1.492389196481554336e+03 8.996765613555908203e-01
1.492410030467678780e+03 9.321247339248657227e-01
1.492430864453105869e+03 1.114577412605285645e+00
1.492451698438066842e+03 1.028023362159729004e+00
1.492472532422561699e+03 9.037091732025146484e-01
1.492493366406590667e+03 9.579689502716064453e-01
1.492514200390153974e+03 1.004258394241333008e+00
1.492535034373019016e+03 8.668251633644104004e-01
1.492555868355419079e+03 1.047746062278747559e+00
1.492576702337352572e+03 1.030987858772277832e+00
1.492597536318587800e+03 1.052320361137390137e+00
1.492618370299357366e+03 9.755339026451110840e-01
1.492639204279661044e+03 9.341665506362915039e-01
1.492660038259266230e+03 1.031300663948059082e+00
1.492680872238173151e+03 9.803660511970520020e-01
1.492701706216614411e+03 1.193910241127014160e+00
1.492722540194590010e+03 1.068309545516967773e+00
1.492743374171866890e+03 9.389653801918029785e-01
1.492764208148678108e+03 9.781743884086608887e-01
1.492785042124791062e+03 1.000922083854675293e+00
1.492805876100205523e+03 7.801917791366577148e-01
1.492826710075154324e+03 8.921889662742614746e-01
1.492847544049404405e+03 7.541137337684631348e-01
1.492868378023188825e+03 8.672336935997009277e-01
1.492889211996274980e+03 9.230610132217407227e-01
1.492910045968662644e+03 8.643198609352111816e-01
1.492930879940585100e+03 1.080394506454467773e+00
1.492951713911809293e+03 9.136173725128173828e-01
1.492972547882334084e+03 9.481767416000366211e-01
1.492993381852393441e+03 1.025830745697021484e+00
1.493014215821754306e+03 8.664576411247253418e-01
1.493035049790416679e+03 7.823299765586853027e-01
1.493055883758613163e+03 9.773606657981872559e-01
1.493076717726111156e+03 9.643274545669555664e-01
1.493097551692910884e+03 1.115941047668457031e+00
1.493118385659012120e+03 1.009259104728698730e+00
1.493139219624647467e+03 1.024061560630798340e+00
1.493160053589584322e+03 9.808678627014160156e-01
1.493180887553822913e+03 9.838902354240417480e-01
1.493201721517363012e+03 9.986929893493652344e-01
1.493222555480437450e+03 1.016742587089538574e+00
1.493243389442813168e+03 8.486090302467346191e-01
1.493264223404490394e+03 9.370450377464294434e-01
1.493285057365469356e+03 1.060746073722839355e+00
1.493305891325749826e+03 1.063265323638916016e+00
1.493326725285564635e+03 1.040680408477783203e+00
1.493347559244447893e+03 1.121672630310058594e+00
1.493368393202865491e+03 9.984926581382751465e-01
1.493389227160584824e+03 8.966465592384338379e-01
1.493410061117838495e+03 1.043938159942626953e+00
1.493430895074160844e+03 1.035044074058532715e+00
1.493451729030017304e+03 8.786000013351440430e-01
1.493472562985176182e+03 1.072528004646301270e+00
1.493493396939636341e+03 9.614961147308349609e-01
1.493514230893397553e+03 1.001946449279785156e+00
1.493535064846460727e+03 1.065654873847961426e+00
1.493555898798824956e+03 1.083056330680847168e+00
1.493576732750723522e+03 9.885876178741455078e-01
1.493597566701690539e+03 9.995740056037902832e-01
1.493618400652191895e+03 9.322420954704284668e-01
1.493639234601994985e+03 1.083637714385986328e+00
1.493660068551099585e+03 1.139774560928344727e+00
1.493680902499505692e+03 9.865046143531799316e-01
1.493701736447445910e+03 1.010644912719726562e+00
1.493722570394454806e+03 9.592849612236022949e-01
1.493743404340765437e+03 1.110934972763061523e+00
1.493764238286610407e+03 9.248624444007873535e-01
1.493785072231756658e+03 1.040563583374023438e+00
1.493805906176204417e+03 1.077020764350891113e+00
1.493826740119953911e+03 9.885370135307312012e-01
1.493847574063004913e+03 1.037845730781555176e+00
1.493868408005357423e+03 1.017492651939392090e+00
1.493889241947011215e+03 1.030097365379333496e+00
1.493910075888199344e+03 1.061840534210205078e+00
1.493930909828456379e+03 1.039258360862731934e+00
1.493951743768247752e+03 1.158945918083190918e+00
1.493972577707340633e+03 1.091754317283630371e+00
1.493993411645501965e+03 1.170209765434265137e+00
1.494014245583197635e+03 9.874070286750793457e-01
1.494035079520195040e+03 1.026924967765808105e+00
1.494055913456493954e+03 9.269384145736694336e-01
1.494076747392094376e+03 9.729743003845214844e-01
1.494097581327229591e+03 1.058155298233032227e+00
1.494118415261433483e+03 9.468245506286621094e-01
1.494139249195171260e+03 1.099146723747253418e+00
1.494160083127977714e+03 1.028894186019897461e+00
1.494180917060318507e+03 1.099586009979248047e+00
1.494201750991727749e+03 9.580785036087036133e-01
1.494222584922671331e+03 1.079776883125305176e+00
1.494243418852916648e+03 1.026365041732788086e+00
1.494264252782463473e+03 1.101040720939636230e+00
1.494285086711311578e+03 1.092914104461669922e+00
1.494305920639461192e+03 1.084784984588623047e+00
1.494326754566912541e+03 1.030688285827636719e+00
1.494347588493665398e+03 1.021774053573608398e+00
1.494368422419952594e+03 8.777705430984497070e-01
1.494389256345308240e+03 1.248373031616210938e+00
1.494410090270198225e+03 1.122975468635559082e+00
1.494430924194157114e+03 1.037346363067626953e+00
1.494451758117650343e+03 1.052466630935668945e+00
1.494472592040445534e+03 9.718077778816223145e-01
1.494493425962308947e+03 9.923813939094543457e-01
1.494514259883706700e+03 1.193616747856140137e+00
1.494535093804405733e+03 1.102294206619262695e+00
1.494555927724406274e+03 1.215912342071533203e+00
1.494576761643708551e+03 1.165879130363464355e+00
1.494597595562312335e+03 1.076739907264709473e+00
1.494618429480217628e+03 1.063605070114135742e+00
1.494639263397657032e+03 8.562609553337097168e-01
1.494660097314165114e+03 8.996029496192932129e-01
1.494680931229974931e+03 1.033824563026428223e+00
1.494701765145319087e+03 1.088042497634887695e+00
1.494722599059731920e+03 9.614740014076232910e-01
1.494743432973678864e+03 1.083449602127075195e+00
1.494764266886694486e+03 1.023175597190856934e+00
1.494785100799244674e+03 9.932559132575988770e-01
1.494826768622249574e+03 1.026065587997436523e+00
1.494847602532704059e+03 1.048213243484497070e+00
1.494868436442460052e+03 1.060022950172424316e+00
1.494889270351517780e+03 1.141083240509033203e+00
1.494910104259877471e+03 1.197082638740539551e+00
1.494930938167539125e+03 1.084152460098266602e+00
1.494951772074501150e+03 1.106277227401733398e+00
1.494972605980764683e+03 9.992303252220153809e-01
1.494993439886329952e+03 1.099184274673461914e+00
1.495014273791429559e+03 1.173438191413879395e+00
1.495035107695597617e+03 1.119939804077148438e+00
1.495055941599300013e+03 1.116610884666442871e+00
1.495076775502071314e+03 1.002084374427795410e+00
1.495097609404376954e+03 1.015998244285583496e+00
1.495118443305751271e+03 1.012535095214843750e+00
1.495139277206659699e+03 1.048521876335144043e+00
1.495160111106869635e+03 1.031095385551452637e+00
1.495180945006148477e+03 1.055476307868957520e+00
1.495201778904961657e+03 1.024276018142700195e+00
1.495222612803076345e+03 1.127533435821533203e+00
1.495243446700492314e+03 9.915972352027893066e-01
1.495264280597209790e+03 1.047664403915405273e+00
1.495285114493229003e+03 1.074488878250122070e+00
1.495305948388549723e+03 9.188776612281799316e-01
1.495326782283171724e+03 9.914670586585998535e-01
1.495347616177095233e+03 1.038258790969848633e+00
1.495368450070553308e+03 1.035926699638366699e+00
1.495389283963080061e+03 1.031447172164916992e+00
1.495410117854908322e+03 9.428592324256896973e-01
1.495430951746037863e+03 1.028001427650451660e+00
1.495451785636702652e+03 9.767110347747802734e-01
1.495472619526435437e+03 9.807963371276855469e-01
1.495493453415702334e+03 1.066319823265075684e+00
1.495514287304037907e+03 9.605537056922912598e-01
1.495535121191908047e+03 1.036715149879455566e+00
1.495555955078846864e+03 1.051634430885314941e+00
1.495576788965320020e+03 1.032776117324829102e+00
1.495597622851094457e+03 9.580584168434143066e-01
1.495618456735937571e+03 9.715300202369689941e-01
1.495639290620315251e+03 9.247726798057556152e-01
1.495660124503994439e+03 1.023317575454711914e+00
1.495680958386974908e+03 1.024869084358215332e+00
1.495701792269024054e+03 9.393147230148315430e-01
1.495722626150607766e+03 9.595417976379394531e-01
1.495743460031492987e+03 9.797363281250000000e-01
1.495764293911679715e+03 9.023643136024475098e-01
1.495785127791167724e+03 1.054501652717590332e+00
1.495805961669957242e+03 9.257002472877502441e-01
1.495826795548048494e+03 1.045997858047485352e+00
1.495847629425441255e+03 8.991066217422485352e-01
1.495868463302135524e+03 9.558664560317993164e-01
1.495889297178131073e+03 9.954686760902404785e-01
1.495910131053428131e+03 9.288907647132873535e-01
1.495930964928026924e+03 9.255788922309875488e-01
1.495951798802160056e+03 9.491739869117736816e-01
1.495972632675361638e+03 9.295758605003356934e-01
1.495993466547864728e+03 1.070397496223449707e+00
1.496014300419669553e+03 8.765463829040527344e-01
1.496035134290775886e+03 1.045385837554931641e+00
1.496055968161416558e+03 9.898030757904052734e-01
1.496076802031125681e+03 9.743933081626892090e-01
1.496097635900136311e+03 1.047006964683532715e+00
1.496118469768448676e+03 8.818966746330261230e-01
1.496139303636295381e+03 1.076504230499267578e+00
1.496160137503210763e+03 8.699158430099487305e-01
1.496180971369427425e+03 1.053228259086608887e+00
1.496201805235178426e+03 1.099155545234680176e+00
1.496222639099998332e+03 1.008382081985473633e+00
1.496243472964119746e+03 9.994321465492248535e-01
1.496264306827775499e+03 1.115753650665283203e+00
1.496285140690499702e+03 9.821704030036926270e-01
1.496305974552525413e+03 1.013324618339538574e+00
1.496326808414085690e+03 8.948363065719604492e-01
1.496347642274714644e+03 9.859686493873596191e-01
1.496368476134877938e+03 1.050431847572326660e+00
1.496389309994109681e+03 9.781861305236816406e-01
1.496410143852642932e+03 1.070662736892700195e+00
1.496430977710711431e+03 1.028201580047607422e+00
1.496451811567847699e+03 1.037951588630676270e+00
1.496472645424285702e+03 7.839031219482421875e-01
1.496493479280258043e+03 8.541200757026672363e-01
1.496514313135299062e+03 9.239704608917236328e-01
1.496535146989641362e+03 1.029145598411560059e+00
1.496555980843518000e+03 9.493048191070556641e-01
1.496576814696463543e+03 1.004983186721801758e+00
1.496597648548710595e+03 1.020646572113037109e+00
1.496618482400491757e+03 9.676965475082397461e-01
1.496639316251341597e+03 8.831611275672912598e-01
1.496660150101493173e+03 9.357454776763916016e-01
1.496680983950946256e+03 9.462903141975402832e-01
1.496701817799700848e+03 9.543269276618957520e-01
1.496722651647989551e+03 9.972631335258483887e-01
1.496743485495346931e+03 1.055571198463439941e+00
1.496764319342006047e+03 1.004424929618835449e+00
1.496785153187966671e+03 9.675395488739013672e-01
1.496805987033228803e+03 9.066810011863708496e-01
1.496826820877792215e+03 1.114751458168029785e+00
1.496847654721657136e+03 1.067794322967529297e+00
1.496868488564823792e+03 1.111151814460754395e+00
1.496889322407291957e+03 9.800720214843750000e-01
1.496910156249061629e+03 1.074432015419006348e+00
1.496930990089899751e+03 9.056046009063720703e-01
1.496951823930272212e+03 1.077481389045715332e+00
1.496972657769946409e+03 1.195294260978698730e+00
1.496993491608922113e+03 1.091678619384765625e+00
1.497014325446966495e+03 1.047472119331359863e+00
1.497035159284544989e+03 1.127194881439208984e+00
1.497055993121192159e+03 1.107658505439758301e+00
1.497076826957373896e+03 1.056338310241699219e+00
1.497097660792624310e+03 1.017902731895446777e+00
1.497118494627408836e+03 1.119886159896850586e+00
1.497139328461262039e+03 1.004985094070434570e+00
1.497160162294416978e+03 1.068956255912780762e+00
1.497180996126873424e+03 1.012517094612121582e+00
1.497201829958864209e+03 9.950625300407409668e-01
1.497222663789923445e+03 1.028433799743652344e+00
1.497243497620284188e+03 1.005276918411254883e+00
1.497264331449713836e+03 1.114264845848083496e+00
1.497285165278677823e+03 1.166310071945190430e+00
1.497305999106943318e+03 9.090126752853393555e-01
1.497326832934510094e+03 1.084514260292053223e+00
1.497347666761145547e+03 1.101921796798706055e+00
1.497368500587316248e+03 9.706434607505798340e-01
1.497389334412554717e+03 9.768889546394348145e-01
1.497410168237327753e+03 9.594566822052001953e-01
1.497431002061169465e+03 1.078116655349731445e+00
1.497451835884312686e+03 1.100804328918457031e+00
1.497472669706757188e+03 9.847919344902038574e-01
1.497493503528503197e+03 9.995660781860351562e-01
1.497514337349550942e+03 8.564825057983398438e-01
1.497535171169900195e+03 9.119664430618286133e-01
1.497556004989318126e+03 1.022180557250976562e+00
1.497576838808270168e+03 1.014727473258972168e+00
1.497597672626290887e+03 1.128522872924804688e+00
1.497618506443846172e+03 1.053519248962402344e+00
1.497639340260470135e+03 1.053578019142150879e+00
1.497660174076395606e+03 1.200476527214050293e+00
1.497681007891622357e+03 1.041571855545043945e+00
1.497701841706150617e+03 1.049061775207519531e+00
1.497722675519980612e+03 1.041705727577209473e+00
1.497743509332879285e+03 9.806903004646301270e-01
1.497764343145312068e+03 9.017387628555297852e-01
1.497785176956813530e+03 1.040147066116333008e+00
1.497806010767616726e+03 1.024594068527221680e+00
1.497826844577721431e+03 1.004417777061462402e+00
1.497847678387127644e+03 1.010488390922546387e+00
1.497868512195835137e+03 1.050842881202697754e+00
1.497889346003844139e+03 1.093358039855957031e+00
1.497910179810922045e+03 1.042405962944030762e+00
1.497951847423215213e+03 8.541775345802307129e-01
1.497972681228197416e+03 1.016707301139831543e+00
1.497993515032481127e+03 1.055570483207702637e+00
1.498014348835833744e+03 1.053454041481018066e+00
1.498035182638719789e+03 1.099756956100463867e+00
1.498056016440674739e+03 1.057160139083862305e+00
1.498076850241931652e+03 1.088664889335632324e+00
1.498097684042490300e+03 1.072570800781250000e+00
1.498118517842350457e+03 9.685773849487304688e-01
1.498139351641512121e+03 1.013422012329101562e+00
1.498160185439742236e+03 9.672234654426574707e-01
1.498181019237273858e+03 1.029220342636108398e+00
1.498201853034107216e+03 9.088402390480041504e-01
1.498222686830242083e+03 1.156687021255493164e+00
1.498243520625678457e+03 9.974155426025390625e-01
1.498264354420183281e+03 1.112593293190002441e+00
1.498285188214222444e+03 1.068993091583251953e+00
1.498306022007330512e+03 1.059398651123046875e+00
1.498326855799740088e+03 1.084125518798828125e+00
1.498347689591218796e+03 1.017841458320617676e+00
1.498368523382231388e+03 9.235333204269409180e-01
1.498389357172312657e+03 8.404240608215332031e-01
1.498410190961695207e+03 1.000805377960205078e+00
1.498431024750146435e+03 9.592969417572021484e-01
1.498451858538132228e+03 9.480374455451965332e-01
1.498472692325186699e+03 1.028786540031433105e+00
1.498493526111542678e+03 1.018601179122924805e+00
1.498514359897199938e+03 1.081544399261474609e+00
1.498535193681925875e+03 1.048499703407287598e+00
1.498556027465953548e+03 9.034697413444519043e-01
1.498576861249282729e+03 9.981471300125122070e-01
1.498597695031913418e+03 1.046650528907775879e+00
1.498618528813612556e+03 1.097643852233886719e+00
1.498639362594613203e+03 1.011825203895568848e+00
1.498660196374915586e+03 9.366390109062194824e-01
1.498681030154519476e+03 1.040784955024719238e+00
1.498701863933191817e+03 8.598216176033020020e-01
1.498722697711165665e+03 1.008586525917053223e+00
1.498743531488440567e+03 1.059415459632873535e+00
1.498764365264784146e+03 1.063592433929443359e+00
1.498785199040429916e+03 8.543148636817932129e-01
1.498806032815376966e+03 8.981999754905700684e-01
1.498826866589625524e+03 1.052508234977722168e+00
1.498847700362942987e+03 9.156204462051391602e-01
1.498868534135561958e+03 9.616475105285644531e-01
1.498889367907249607e+03 9.445383548736572266e-01
1.498910201678238536e+03 9.225724339485168457e-01
1.498931035448528974e+03 9.507440328598022461e-01
1.498951869217888316e+03 9.218428134918212891e-01
1.498972702986781997e+03 9.973910450935363770e-01
1.498993536754511297e+03 9.450835585594177246e-01
1.499014370521774936e+03 9.150131344795227051e-01
1.499035204288107479e+03 9.451377391815185547e-01
1.499056038053741531e+03 1.034741997718811035e+00
1.499076871818444260e+03 9.049203395843505859e-01
1.499097705582448270e+03 8.911455869674682617e-01
1.499118539345520958e+03 8.585088253021240234e-01
1.499139373107895381e+03 9.179298877716064453e-01
1.499160206869571311e+03 1.093320012092590332e+00
1.499181040630548750e+03 1.045967817306518555e+00
1.499201874390594639e+03 9.209572672843933105e-01
1.499222708149709206e+03 1.021968960762023926e+00
1.499243541908125508e+03 8.986136913299560547e-01
1.499264375665842408e+03 9.508897066116333008e-01
1.499285209422628895e+03 1.052454829216003418e+00
1.499306043178716891e+03 9.715054035186767578e-01
1.499326876933873564e+03 9.957631230354309082e-01
1.499347710688331517e+03 1.005295276641845703e+00
1.499368544442090979e+03 9.366492629051208496e-01
1.499389378194919345e+03 9.352676272392272949e-01
1.499410211946816389e+03 1.061955690383911133e+00
1.499431045698247772e+03 8.913926482200622559e-01
1.499451879448514774e+03 8.777173757553100586e-01
1.499472713198083284e+03 9.389612674713134766e-01
1.499493546946953529e+03 9.121867418289184570e-01
1.499514380694892452e+03 1.000513792037963867e+00
1.499535214442132883e+03 1.022519111633300781e+00
1.499556048188441764e+03 1.057682991027832031e+00
1.499576881933819323e+03 9.677488207817077637e-01
1.499597715678498616e+03 1.075586199760437012e+00
1.499618549422479418e+03 8.260274529457092285e-01
1.499639383165528670e+03 9.395877122879028320e-01
1.499660216907646600e+03 9.096717238426208496e-01
1.499681050649066265e+03 9.771010279655456543e-01
1.499701884389786755e+03 9.439094662666320801e-01
1.499722718129343093e+03 9.187973737716674805e-01
1.499743551868434224e+03 9.456905722618103027e-01
1.499764385606361202e+03 9.699607491493225098e-01
1.499785219343589915e+03 9.559766054153442383e-01
1.499806053080120137e+03 1.089049339294433594e+00
1.499826886815486205e+03 9.509869813919067383e-01
1.499847720550386384e+03 1.018107652664184570e+00
1.499868554284122411e+03 1.047076702117919922e+00
1.499889388017160172e+03 1.138205170631408691e+00
1.499910221749266611e+03 1.053813576698303223e+00
1.499931055480674331e+03 1.065495610237121582e+00
1.499951889211150728e+03 9.308078289031982422e-01
1.499972722940696030e+03 8.691450357437133789e-01
1.499993556669542841e+03 1.019254207611083984e+00
1.500014390397458328e+03 9.511644840240478516e-01
1.500035224124442266e+03 8.708563446998596191e-01
1.500056057850727257e+03 9.679887294769287109e-01
1.500076891576080698e+03 8.887273073196411133e-01
1.500097725300503726e+03 8.849520683288574219e-01
1.500118559023995431e+03 1.015817523002624512e+00
1.500139392746788417e+03 1.043370127677917480e+00
1.500160226468650080e+03 1.041355013847351074e+00
1.500181060189580649e+03 9.722207188606262207e-01
1.500201893909579894e+03 1.091270685195922852e+00
1.500222727628880421e+03 1.125529646873474121e+00
1.500243561347249624e+03 9.082109928131103516e-01
1.500264395064688642e+03 1.166748285293579102e+00
1.500285228781195201e+03 9.758021831512451172e-01
1.500306062496770437e+03 1.033071637153625488e+00
1.500326896211647409e+03 1.051873087882995605e+00
1.500347729925360227e+03 9.536715745925903320e-01
1.500368563638374553e+03 8.861321806907653809e-01
1.500389397350456647e+03 1.089633107185363770e+00
1.500410231061607419e+03 1.017763495445251465e+00
1.500431064772060608e+03 1.012212872505187988e+00
1.500451898481349644e+03 1.020237565040588379e+00
1.500472732189707131e+03 1.074409365653991699e+00
1.500493565897366125e+03 1.124949455261230469e+00
1.500514399604094024e+03 1.088159203529357910e+00
1.500535233309657769e+03 1.171210885047912598e+00
1.500556067014523023e+03 9.585167765617370605e-01
1.500576900718456727e+03 1.042499661445617676e+00
1.500597734421226278e+03 1.109233379364013672e+00
1.500618568123297564e+03 9.731714129447937012e-01
1.500639401824437527e+03 9.773840904235839844e-01
1.500660235524413338e+03 1.073238253593444824e+00
1.500681069223689747e+03 1.087575078010559082e+00
1.500701902922034833e+03 1.069433689117431641e+00
1.500722736619216676e+03 1.000770807266235352e+00
1.500743570315700026e+03 9.826132655143737793e-01
1.500764404011018996e+03 9.741241335868835449e-01
1.500785237705406644e+03 1.019944190979003906e+00
1.500806071398863196e+03 1.009239315986633301e+00
1.500826905091388426e+03 1.115533590316772461e+00
1.500847738782982333e+03 1.089098572731018066e+00
1.500868572473644690e+03 9.913767576217651367e-01
1.500889406163375725e+03 1.005279421806335449e+00
1.500910239851942833e+03 1.062968015670776367e+00
1.500931073539578620e+03 1.133757352828979492e+00
1.500951907226283083e+03 1.002455830574035645e+00
1.500972740912055315e+03 1.125102519989013672e+00
1.500993574596663393e+03 1.135702490806579590e+00
1.501014408280341058e+03 1.070162773132324219e+00
1.501035241963087401e+03 9.640300273895263672e-01
1.501076909325320003e+03 8.947233557701110840e-01
1.501097743005039547e+03 8.774175047874450684e-01
1.501118576683827769e+03 1.106065154075622559e+00
1.501139410361451837e+03 9.154320955276489258e-01
1.501160244037911525e+03 1.081786870956420898e+00
1.501181077713672721e+03 9.897406697273254395e-01
1.501201911388038070e+03 9.310709834098815918e-01
1.501222745061703108e+03 9.420680403709411621e-01
1.501243578733971162e+03 9.126180410385131836e-01
1.501264412405541634e+03 9.977220296859741211e-01
1.501285246075715122e+03 1.016852855682373047e+00
1.501306079745189891e+03 8.731640577316284180e-01
1.501326913413267675e+03 9.549880623817443848e-01
1.501347747080414365e+03 9.781628251075744629e-01
1.501368580746629732e+03 1.002221584320068359e+00
1.501389414411680946e+03 9.542073011398315430e-01
1.501410248075567779e+03 9.653194546699523926e-01
1.501431081738290459e+03 9.058143496513366699e-01
1.501451915400082044e+03 9.364866018295288086e-01
1.501472749060708566e+03 9.578066468238830566e-01
1.501493582720404220e+03 7.594100832939147949e-01
1.501514416378703118e+03 9.043816924095153809e-01
1.501535250036070693e+03 8.314163684844970703e-01
1.501556083692274342e+03 9.111428856849670410e-01
1.501576917347313838e+03 9.681233167648315430e-01
1.501597751001188954e+03 1.074109077453613281e+00
1.501618584653899916e+03 1.152658224105834961e+00
1.501639418305446952e+03 9.903136491775512695e-01
1.501660251956062666e+03 9.394459724426269531e-01
1.501681085605281396e+03 9.784756898880004883e-01
1.501701919253335063e+03 1.030398964881896973e+00
1.501722752900457408e+03 9.150378108024597168e-01
1.501743586546183678e+03 9.483770728111267090e-01
1.501764420190745795e+03 8.997129201889038086e-01
1.501785253834143759e+03 9.013283252716064453e-01
1.501806087476377343e+03 9.364216327667236328e-01
1.501826921117213942e+03 9.625493288040161133e-01
1.501847754756886616e+03 8.364529013633728027e-01
1.501868588395395136e+03 1.026000618934631348e+00
1.501889422032739276e+03 9.623799920082092285e-01
1.501910255668685977e+03 1.028199672698974609e+00
1.501931089303468298e+03 1.044490575790405273e+00
1.501951922937087375e+03 9.110929369926452637e-01
1.501972756569309468e+03 9.381417632102966309e-01
1.501993590200367180e+03 1.003863334655761719e+00
1.502014423830027908e+03 8.308348059654235840e-01
1.502035257458291881e+03 8.527926206588745117e-01
1.502056091085391699e+03 9.196404218673706055e-01
1.502076924711094534e+03 8.570329546928405762e-01
1.502097758335632989e+03 8.152319192886352539e-01
1.502118591958774005e+03 9.098241329193115234e-01
1.502139425580517809e+03 8.508557081222534180e-01
1.502160259200865539e+03 1.004723906517028809e+00
1.502181092819816740e+03 9.660385251045227051e-01
1.502201926437603333e+03 1.036388874053955078e+00
1.502222760053760112e+03 1.063700556755065918e+00
1.502243593668752510e+03 1.029323577880859375e+00
1.502264427282115093e+03 1.034171223640441895e+00
1.502285260894080920e+03 1.083967208862304688e+00
1.502306094504881685e+03 1.052342414855957031e+00
1.502326928114052862e+03 1.060644984245300293e+00
1.502347761721594679e+03 8.499562740325927734e-01
1.502368595327972571e+03 9.660395979881286621e-01
1.502389428932720648e+03 8.401457071304321289e-01
1.502410262536071741e+03 9.786796569824218750e-01
1.502431096137792792e+03 9.550734162330627441e-01
1.502451929737884029e+03 8.792071342468261719e-01
1.502472763336811340e+03 9.964333772659301758e-01
1.502493596933875324e+03 9.566032290458679199e-01
1.502514430529542324e+03 9.935488700866699219e-01
1.502535264123579964e+03 1.093937516212463379e+00
1.502556097715987789e+03 9.113079309463500977e-01
1.502576931306998858e+03 8.819293379783630371e-01
1.502597764896147282e+03 1.105044603347778320e+00
1.502618598483898495e+03 1.147000789642333984e+00
1.502639432069787063e+03 9.975596070289611816e-01
1.502660265654278874e+03 7.632657885551452637e-01
1.502681099236907357e+03 1.108026385307312012e+00
1.502701932817906027e+03 1.099653720855712891e+00
1.502722766397042506e+03 1.079075813293457031e+00
1.502743599974782001e+03 1.111214995384216309e+00
1.502764433550659078e+03 8.949380517005920410e-01
1.502785267124673510e+03 9.656350016593933105e-01
1.502806100697058127e+03 9.923817515373229980e-01
1.502826934267579873e+03 9.289476275444030762e-01
1.502847767836471348e+03 1.004798650741577148e+00
1.502868601403499952e+03 1.160493373870849609e+00
1.502889434968666819e+03 9.662501215934753418e-01
1.502910268532203645e+03 1.126465678215026855e+00
1.502931102093644995e+03 1.143747925758361816e+00
1.502951935653456758e+03 1.205384850502014160e+00
1.502972769211405875e+03 1.249138116836547852e+00
1.502993602767259517e+03 1.333470940589904785e+00
1.503014436321483117e+03 1.071179866790771484e+00
1.504722791004625606e+03 1.008491635322570801e+00
1.504743624710188442e+03 1.056829690933227539e+00
1.504764458416217167e+03 9.987311363220214844e-01
1.504785292122712008e+03 1.035161137580871582e+00
1.504806125829439907e+03 9.905428290367126465e-01
1.504826959536400636e+03 1.157294392585754395e+00
1.504847793243593287e+03 1.032440543174743652e+00
1.504868626951018769e+03 1.007828235626220703e+00
1.504889460658677990e+03 8.991700410842895508e-01
1.504910294366337212e+03 8.867855668067932129e-01
1.504931128073996433e+03 1.094878673553466797e+00
1.504951961781655427e+03 9.346988797187805176e-01
1.504972795489313967e+03 8.219580054283142090e-01
1.504993629196972279e+03 7.514842152595520020e-01
1.505014462904398670e+03 9.108515977859497070e-01
1.505035296611825061e+03 1.128989219665527344e+00
1.505056130319018393e+03 1.041244745254516602e+00
1.505076964025979805e+03 1.016971468925476074e+00
1.505097797732939625e+03 1.338250637054443359e+00
1.505118631439433784e+03 1.214585304260253906e+00
1.505139465145696022e+03 9.534663558006286621e-01
1.505160298851725429e+03 9.985961318016052246e-01
1.505181132557522005e+03 9.148322343826293945e-01
1.505201966262852011e+03 8.933202624320983887e-01
1.505222799967949186e+03 9.396647810935974121e-01
1.505243633672814440e+03 8.392974138259887695e-01
1.505264467376981202e+03 9.770625233650207520e-01
1.505285301080914905e+03 9.305402636528015137e-01
1.505306134784615779e+03 9.867653846740722656e-01
1.505326968487617933e+03 1.096796274185180664e+00
1.505347802190386801e+03 1.095868229866027832e+00
1.505368635892690918e+03 9.533091783523559570e-01
1.505389469594296315e+03 1.017204523086547852e+00
1.505410303295668882e+03 1.000051975250244141e+00
1.505431136996575333e+03 9.481151103973388672e-01
1.505451970696783292e+03 9.366422891616821289e-01
1.505472804396759102e+03 9.118929505348205566e-01
1.505493638096036193e+03 9.129949808120727539e-01
1.505514471794847623e+03 1.186347126960754395e+00
1.505535305493193619e+03 1.019296884536743164e+00
1.505556139190840213e+03 1.008578419685363770e+00
1.505576972888021373e+03 9.744604825973510742e-01
1.505597806584737327e+03 9.625285863876342773e-01
1.505618640280755017e+03 9.465249180793762207e-01
1.505639473976307045e+03 9.275653362274169922e-01
1.505660307671392502e+03 9.372323155403137207e-01
1.505681141365779695e+03 9.075801968574523926e-01
1.505701975059468850e+03 9.438714385032653809e-01
1.505722808752692572e+03 8.690913915634155273e-01
1.505743642445217802e+03 9.754167199134826660e-01
1.505764476137276461e+03 9.303750991821289062e-01
1.505785309828636628e+03 9.697607755661010742e-01
1.505806143519532043e+03 1.056946635246276855e+00
1.505826977209728966e+03 1.017684698104858398e+00
1.505847810899227397e+03 8.975352644920349121e-01
1.505868644588026427e+03 1.036218762397766113e+00
1.505889478276359796e+03 8.480857014656066895e-01
1.505910311963995582e+03 9.460753202438354492e-01
1.505931145651165707e+03 1.010258674621582031e+00
1.505951979337637340e+03 1.050900816917419434e+00
1.505972813023409572e+03 1.064757704734802246e+00
1.505993646708483311e+03 1.123274803161621094e+00
1.506014480392860150e+03 1.011616349220275879e+00
1.506035314076770419e+03 9.902836680412292480e-01
1.506056147759982423e+03 9.453219771385192871e-01
1.506076981442495025e+03 9.794018268585205078e-01
1.506097815124309591e+03 1.106462240219116211e+00
1.506118648805425892e+03 9.604657292366027832e-01
1.506139482486076531e+03 1.028766989707946777e+00
1.506160316166028906e+03 1.119827270507812500e+00
1.506181149845281880e+03 1.131706118583679199e+00
1.506201983523836589e+03 9.626594185829162598e-01
1.506222817201693260e+03 9.939047098159790039e-01
1.506243650878851668e+03 9.063209295272827148e-01
1.506264484555310901e+03 1.148317933082580566e+00
1.506285318231304473e+03 1.051423430442810059e+00
1.506306151906367177e+03 1.142328143119812012e+00
1.506326985580964219e+03 1.004359126091003418e+00
1.506347819254862998e+03 9.891578555107116699e-01
1.506368652927829544e+03 1.063284158706665039e+00
1.506389486600330656e+03 9.493514895439147949e-01
1.506410320272133731e+03 9.750069975852966309e-01
1.506431153943238542e+03 1.075734615325927734e+00
1.506451987613644860e+03 1.003634214401245117e+00
1.506472821283351777e+03 1.082909226417541504e+00
1.506493654952360430e+03 9.341694116592407227e-01
1.506514488620671045e+03 9.888741374015808105e-01
1.506535322288516227e+03 9.619274735450744629e-01
1.506556155955429176e+03 9.617307186126708984e-01
1.506576989621643861e+03 1.045008182525634766e+00
1.506597823287160509e+03 1.017629027366638184e+00
1.506618656952211722e+03 1.041898965835571289e+00
1.506639490616331614e+03 1.119091272354125977e+00
1.506660324279752103e+03 9.189780354499816895e-01
1.506681157942707159e+03 1.132475495338439941e+00
1.506701991604731347e+03 1.051077365875244141e+00
1.506722825266057271e+03 1.252164363861083984e+00
1.506743658926916851e+03 1.076252698898315430e+00
1.506764492586845108e+03 1.096147298812866211e+00
1.506785326246075329e+03 1.124437093734741211e+00
1.506806159904839888e+03 1.096385955810546875e+00
1.506826993562673351e+03 1.014981389045715332e+00
1.506847827219807414e+03 9.971778988838195801e-01
1.506868660876243212e+03 1.050498008728027344e+00
1.506889494532213803e+03 1.041766881942749023e+00
1.506910328187253299e+03 1.026204705238342285e+00
1.506931161841593621e+03 1.136988639831542969e+00
1.506951995495235451e+03 1.101584672927856445e+00
1.506972829148412075e+03 1.165092825889587402e+00
1.506993662800658285e+03 1.085512518882751465e+00
1.507014496452204412e+03 1.125842094421386719e+00
1.507035330103052047e+03 1.061046838760375977e+00
1.507056163753202100e+03 1.115608692169189453e+00
1.507076997402653660e+03 1.084268689155578613e+00
1.507097831051406729e+03 1.055420279502868652e+00
1.507118664699460396e+03 1.226217627525329590e+00
1.507139498346815571e+03 1.154123067855834961e+00
1.507160331993473164e+03 1.149740099906921387e+00
1.507181165639199435e+03 1.035544037818908691e+00
1.507201999284459134e+03 1.166844010353088379e+00
1.507222832929020342e+03 1.079688191413879395e+00
1.507243666572883967e+03 1.082066178321838379e+00
1.507264500215816270e+03 1.181459426879882812e+00
1.507285333858282002e+03 1.148236870765686035e+00
1.507306167499816638e+03 1.084898591041564941e+00
1.507327001140886068e+03 1.099163413047790527e+00
1.507347834781024403e+03 1.142354130744934082e+00
1.507368668420696167e+03 1.053690195083618164e+00
1.507389502059437064e+03 1.072332859039306641e+00
1.507410335697479695e+03 1.089342594146728516e+00
1.507431169335056666e+03 9.630281925201416016e-01
1.507452002971701859e+03 1.173681974411010742e+00
1.507472836607648560e+03 1.097702622413635254e+00
1.507493670242897224e+03 1.080897569656372070e+00
1.507514503877447396e+03 1.121330499649047852e+00
1.507535337511298621e+03 1.093658566474914551e+00
1.507556171144451355e+03 1.161087155342102051e+00
1.507577004776906278e+03 1.148565411567687988e+00
1.507597838408429652e+03 1.210518240928649902e+00
1.507618672039486910e+03 1.326992988586425781e+00
1.507639505669845448e+03 1.169010162353515625e+00
1.507660339299273573e+03 1.207290410995483398e+00
1.507681172928235810e+03 1.195964694023132324e+00
1.507702006556266269e+03 1.122738838195800781e+00
1.507722840183830840e+03 1.111987233161926270e+00
1.507743673810464998e+03 1.127751946449279785e+00
1.507764507436400663e+03 1.076508164405822754e+00
1.507785341061869758e+03 1.146241188049316406e+00
1.507806174686407530e+03 1.161748290061950684e+00
1.507827008310247720e+03 1.218329906463623047e+00
1.507847841933389418e+03 1.097163438796997070e+00
1.507889509177575519e+03 9.746336936950683594e-01
1.507910342798388911e+03 1.060273051261901855e+00
1.507931176418737323e+03 1.025950312614440918e+00
1.507952010038385879e+03 9.226227998733520508e-01
1.507972843657102885e+03 1.022169351577758789e+00
1.507993677275355139e+03 1.008126497268676758e+00
1.508014510892675844e+03 1.065237283706665039e+00
1.508035344509530432e+03 1.088790059089660645e+00
1.508056178125453471e+03 9.562506675720214844e-01
1.508077011740678927e+03 1.083676695823669434e+00
1.508097845355204981e+03 1.036175370216369629e+00
1.508118678969032771e+03 1.034621357917785645e+00
1.508139512582162524e+03 9.942460060119628906e-01
1.508160346194594013e+03 1.131132364273071289e+00
1.508181179806326099e+03 9.371739029884338379e-01
1.508202013417359922e+03 9.299353361129760742e-01
1.508222847027695707e+03 9.764887094497680664e-01
1.508243680637100397e+03 1.044853210449218750e+00
1.508264514246038743e+03 1.019636750221252441e+00
1.508285347854045767e+03 8.975950479507446289e-01
1.508306181461587585e+03 1.134762406349182129e+00
1.508327015068197625e+03 9.028540849685668945e-01
1.508347848674108945e+03 9.392977952957153320e-01
1.508368682279322684e+03 9.140454530715942383e-01
1.508389515883837930e+03 8.363240957260131836e-01
1.508410349487653775e+03 9.412367343902587891e-01
1.508431183090771128e+03 8.923608064651489258e-01
1.508452016693190899e+03 1.064136147499084473e+00
1.508472850294912178e+03 9.409481883049011230e-01
1.508493683895701224e+03 1.044490337371826172e+00
1.508514517496024609e+03 9.522872567176818848e-01
1.508535351095417582e+03 1.002461671829223633e+00
1.508556184694343983e+03 9.488282799720764160e-01
1.508577018292339517e+03 8.225198388099670410e-01
1.508597851889636786e+03 9.386867880821228027e-01
1.508618685486235563e+03 9.841465950012207031e-01
1.508639519082135394e+03 9.912433624267578125e-01
1.508660352677336732e+03 1.102865815162658691e+00
1.508681186271840033e+03 1.063266873359680176e+00
1.508702019865644388e+03 8.986057639122009277e-01
1.508722853458750023e+03 9.706745743751525879e-01
1.508743687050925246e+03 9.871419072151184082e-01
1.508764520642634807e+03 8.590828776359558105e-01
1.508785354233412136e+03 9.986138939857482910e-01
1.508806187823490973e+03 9.838401675224304199e-01
1.508827021413105058e+03 8.869258165359497070e-01
1.508847855001786911e+03 8.633183240890502930e-01
1.508868688589770500e+03 1.000636458396911621e+00
1.508889522177056051e+03 9.118569493293762207e-01
1.508910355763411417e+03 1.048618316650390625e+00
1.508931189349299302e+03 1.046631813049316406e+00
1.508952022934488696e+03 1.037932753562927246e+00
1.508972856518747676e+03 8.607461452484130859e-01
1.508993690102540086e+03 1.001322627067565918e+00
1.509014523685401400e+03 8.987976908683776855e-01
1.509035357267564677e+03 1.039338350296020508e+00
1.509056190849029008e+03 9.383932352066040039e-01
1.509077024429794847e+03 1.140350222587585449e+00
1.509097858009862875e+03 8.821482062339782715e-01
1.509118691589232185e+03 8.898611664772033691e-01
1.509139525167902548e+03 9.361073374748229980e-01
1.509160358745641361e+03 1.028222918510437012e+00
1.509181192322915422e+03 9.065620899200439453e-01
1.509202025899257251e+03 1.053982496261596680e+00
1.509222859474900588e+03 9.620849490165710449e-01
1.509243693049846343e+03 9.835677146911621094e-01
1.509264526624092923e+03 8.789116144180297852e-01
1.509285360197641012e+03 1.097505569458007812e+00
1.509306193770491063e+03 9.709179401397705078e-01
1.509327027342642623e+03 1.004100918769836426e+00
1.509347860913862405e+03 9.784361124038696289e-01
1.509368694484616526e+03 1.001012563705444336e+00
1.509389528054439779e+03 1.094328403472900391e+00
1.509410361623564086e+03 8.703995347023010254e-01
1.509431195191989673e+03 8.635174632072448730e-01
1.509452028759717678e+03 1.074825644493103027e+00
1.509472862326746281e+03 1.052659511566162109e+00
1.509493695893076620e+03 9.594914913177490234e-01
1.509514529458708921e+03 9.403765201568603516e-01
1.509535363023409445e+03 8.783473372459411621e-01
1.509556196587411478e+03 1.043133616447448730e+00
1.509577030150948303e+03 1.089923977851867676e+00
1.509597863713553352e+03 1.082043528556823730e+00
1.509618697275459681e+03 9.672753214836120605e-01
1.509639530836435597e+03 9.472501873970031738e-01
1.509660364396945852e+03 1.054845452308654785e+00
1.509681197956756705e+03 1.109270572662353516e+00
1.509702031515636236e+03 1.040049672126770020e+00
1.509722865073818184e+03 1.070148229598999023e+00
1.509743698631300731e+03 9.856826663017272949e-01
1.509764532188085013e+03 1.029043793678283691e+00
1.509785365744171258e+03 1.015400886535644531e+00
1.509806199299558784e+03 1.041641473770141602e+00
1.509827032854014533e+03 9.040243029594421387e-01
1.509847866408005530e+03 1.056200265884399414e+00
1.509868699961064294e+03 9.682508707046508789e-01
1.509889533513425476e+03 9.650276899337768555e-01
1.509910367065087939e+03 1.017659306526184082e+00
1.509931200616051456e+03 9.565312862396240234e-01
1.509952034166083422e+03 1.046617746353149414e+00
1.509972867715650636e+03 9.927782416343688965e-01
1.509993701264285619e+03 8.974767923355102539e-01
1.510014534812222337e+03 9.056791067123413086e-01
1.510035368359461017e+03 9.635133743286132812e-01
1.510056201906000751e+03 1.010714411735534668e+00
1.510077035451841994e+03 9.877410531044006348e-01
1.510097868996752368e+03 9.544376730918884277e-01
1.510118702541196626e+03 9.631565809249877930e-01
1.510139536084709334e+03 1.132878899574279785e+00
1.510160369627524460e+03 1.008055925369262695e+00
1.510181203169640185e+03 8.879032135009765625e-01
1.510202036710824814e+03 1.055343389511108398e+00
1.510222870251544236e+03 1.077463626861572266e+00
1.510243703791331882e+03 1.086241602897644043e+00
1.510264537330421035e+03 9.927687644958496094e-01
1.510285370868812151e+03 9.462444782257080078e-01
1.510306204406504321e+03 9.856959581375122070e-01
1.510327037943264941e+03 1.087078928947448730e+00
1.510347871479560808e+03 1.000087857246398926e+00
1.510368705014924444e+03 1.097091197967529297e+00
1.510389538549589815e+03 1.022332549095153809e+00
1.510410372083557149e+03 1.111760616302490234e+00
1.510431205616592706e+03 1.143230319023132324e+00
1.510452039149162601e+03 1.113442897796630859e+00
1.510472872680801629e+03 1.031753778457641602e+00
1.510493706211741710e+03 1.111846446990966797e+00
1.510514539741983072e+03 9.882183074951171875e-01
1.510535373271294020e+03 9.991369247436523438e-01
1.510556206800138398e+03 9.478460550308227539e-01
1.510577040328051680e+03 9.937165975570678711e-01
1.510597873855266471e+03 9.686911106109619141e-01
1.510618707381782542e+03 8.880614638328552246e-01
1.510639540907368200e+03 9.486428499221801758e-01
1.510660374432254457e+03 9.950127005577087402e-01
1.510681207956442222e+03 1.076275825500488281e+00
1.510702041479932404e+03 9.625613093376159668e-01
1.510722875002723413e+03 1.012721776962280273e+00
1.510743708524583099e+03 1.100859880447387695e+00
1.510764542045744747e+03 9.786199927330017090e-01
1.510785375566207449e+03 1.092274785041809082e+00
1.510806209085971432e+03 1.070239186286926270e+00
1.510827042604805456e+03 1.004675745964050293e+00
1.510847876123172682e+03 9.628459215164184570e-01
1.510868709640608586e+03 9.839790463447570801e-01
1.510889543157112939e+03 9.007006287574768066e-01
1.510910376673151632e+03 9.876195788383483887e-01
1.510931210188259911e+03 9.570590853691101074e-01
1.510952043702669016e+03 1.051258802413940430e+00
1.510972877216379629e+03 8.626590371131896973e-01
1.511014544241240174e+03 9.490966200828552246e-01
1.511035377752622253e+03 1.059451341629028320e+00
1.511056211263306750e+03 9.378575682640075684e-01
1.511077044773059015e+03 1.021256446838378906e+00
1.511097878282113015e+03 1.107124090194702148e+00
1.511118711790468524e+03 1.003550291061401367e+00
1.511139545297892482e+03 9.748956561088562012e-01
1.511160378804851689e+03 9.294179677963256836e-01
1.511181212310878664e+03 9.046177864074707031e-01
1.511202045815974316e+03 9.859493374824523926e-01
1.511222879320605216e+03 9.367769956588745117e-01
1.511243712824303884e+03 9.531533122062683105e-01
1.511264546327071685e+03 9.421054720878601074e-01
1.511285379829373369e+03 8.655021190643310547e-01
1.511306213330743731e+03 9.462096095085144043e-01
1.511327046831416510e+03 8.997464776039123535e-01
1.511347880331157057e+03 1.068707704544067383e+00
1.511368713830199340e+03 8.135172128677368164e-01
1.511389547328543586e+03 9.172627925872802734e-01
1.511410380826188884e+03 9.565789699554443359e-01
1.511431214322902861e+03 8.639883399009704590e-01
1.511452047818918118e+03 1.020274996757507324e+00
1.511472881314234883e+03 9.282613992691040039e-01
1.511493714808621235e+03 9.992761611938476562e-01
1.511514548302308413e+03 1.039854645729064941e+00
1.511535381795064268e+03 1.068949580192565918e+00
1.511556215287122086e+03 9.669308066368103027e-01
1.511577048778480957e+03 9.320887923240661621e-01
1.511597882269141110e+03 1.038782358169555664e+00
1.511618715758869939e+03 9.185509085655212402e-01
1.511639549247667674e+03 1.077310323715209961e+00
1.511660382736000201e+03 9.173231720924377441e-01
1.511681216223401179e+03 9.472350478172302246e-01
1.511702049709870380e+03 9.534748792648315430e-01
1.511722883195873919e+03 9.584652781486511230e-01
1.511743716680946363e+03 1.082141876220703125e+00
1.511764550165087940e+03 1.011999368667602539e+00
1.511785383648530569e+03 9.552837610244750977e-01
1.511806217131275162e+03 1.000645637512207031e+00
1.511827050613087977e+03 1.115480899810791016e+00
1.511847884094202300e+03 1.037619590759277344e+00
1.511868717574385983e+03 1.037232160568237305e+00
1.511889551053870264e+03 1.008799195289611816e+00
1.511910384532656053e+03 1.009451746940612793e+00
1.511931218010510747e+03 9.562296271324157715e-01
1.511952051487666949e+03 9.741986393928527832e-01
1.511972884963892284e+03 9.738289713859558105e-01
1.511993718439418672e+03 1.048204541206359863e+00
1.512014551914246340e+03 9.478282332420349121e-01
1.512035385388142686e+03 1.046387434005737305e+00
1.512056218861108164e+03 9.748870730400085449e-01
1.512077052333375377e+03 1.035141348838806152e+00
1.512097885804943644e+03 1.008153080940246582e+00
1.512118719275580361e+03 9.577271938323974609e-01
1.512139552745518586e+03 1.014029860496520996e+00
1.512160386214525715e+03 9.067724347114562988e-01
1.512181219682834808e+03 9.534710645675659180e-01
1.512202053150212123e+03 1.043840527534484863e+00
1.512222886616890946e+03 1.046787738800048828e+00
1.512243720082638220e+03 9.278115034103393555e-01
1.512264553547454170e+03 9.337987899780273438e-01
1.512285387011805369e+03 1.024081707000732422e+00
1.512306220474991733e+03 9.811196923255920410e-01
1.512327053937712435e+03 1.084950327873229980e+00
1.512347887399268757e+03 1.045699477195739746e+00
1.512368720860126587e+03 1.138376593589782715e+00
1.512389554320286834e+03 1.143736124038696289e+00
1.512410387779514849e+03 1.016677737236022949e+00
1.512431221237811997e+03 8.292793631553649902e-01
1.512452054695410197e+03 9.273444414138793945e-01
1.512472888152309906e+03 1.030568838119506836e+00
1.512493721608045689e+03 1.192084431648254395e+00
1.512514555063315811e+03 1.138654708862304688e+00
1.512535388517422234e+03 1.059470057487487793e+00
1.512556221970829711e+03 1.083917975425720215e+00
1.512577055423538468e+03 1.113573670387268066e+00
1.512597888875315903e+03 1.020353078842163086e+00
1.512618722326162242e+03 1.011038422584533691e+00
1.512639555776077259e+03 1.015666604042053223e+00
1.512660389225293557e+03 9.289274215698242188e-01
1.512681222673812272e+03 1.106477737426757812e+00
1.512702056121165924e+03 9.977497458457946777e-01
1.512722889568054143e+03 9.663173556327819824e-01
1.512743723013778663e+03 9.032056331634521484e-01
1.512764556458804236e+03 8.779287934303283691e-01
1.512785389902898487e+03 9.475715160369873047e-01
1.512806223346061188e+03 9.616764187812805176e-01
1.512827056788526306e+03 9.261810779571533203e-01
1.512847890230059193e+03 9.321957826614379883e-01
1.512868723670660756e+03 9.852582216262817383e-01
1.512889557110564283e+03 1.041178703308105469e+00
1.512910390549536032e+03 9.795843958854675293e-01
1.512931223987576459e+03 1.064311146736145020e+00
1.512952057424918621e+03 9.867650866508483887e-01
1.512972890861329915e+03 1.192876577377319336e+00
1.512993724296809432e+03 1.250703573226928711e+00
1.513014557731357627e+03 1.157932758331298828e+00
1.513035391164974271e+03 1.173252344131469727e+00
1.513056224597892424e+03 1.216158270835876465e+00
1.513077058029879709e+03 9.484940171241760254e-01
1.513097891460935216e+03 1.086711525917053223e+00
1.513118724891292231e+03 9.812238216400146484e-01
1.513139558320485321e+03 1.129022121429443359e+00
1.513160391748980373e+03 9.732290506362915039e-01
1.513181225176543649e+03 1.033754825592041016e+00
1.513202058603175601e+03 1.115825772285461426e+00
1.513222892028876004e+03 1.005740642547607422e+00
1.513243725453877914e+03 1.096806883811950684e+00
1.513264558877715899e+03 1.040672302246093750e+00
1.513285392300855392e+03 9.847313761711120605e-01
1.513306225723063335e+03 1.046532392501831055e+00
1.513327059144340183e+03 1.041757345199584961e+00
1.513347892564686163e+03 1.067582249641418457e+00
1.513368725984100365e+03 1.118596911430358887e+00
1.513389559402583245e+03 9.997755289077758789e-01
1.513410392820134575e+03 1.093000650405883789e+00
1.513431226236987413e+03 9.305425882339477539e-01
1.513452059652676326e+03 9.942166209220886230e-01
1.513472893067433915e+03 9.009499549865722656e-01
1.513493726481492786e+03 9.780857563018798828e-01
1.513514559894387730e+03 9.963212013244628906e-01
1.513535393306351352e+03 9.849981665611267090e-01
1.513556226717616255e+03 1.002579689025878906e+00
1.513577060127717004e+03 9.023267626762390137e-01
1.513597893536886659e+03 9.574951529502868652e-01
1.513618726945358276e+03 1.002987504005432129e+00
1.513639560352665285e+03 9.854850172996520996e-01
1.513660393759040971e+03 9.973585605621337891e-01
1.513681227164485108e+03 9.082173109054565430e-01
1.513702060568997922e+03 9.894759654998779297e-01
1.513722893972580323e+03 8.867657780647277832e-01
1.513743727375230719e+03 9.210213422775268555e-01
1.513764560776716962e+03 1.001553058624267578e+00
1.513785394177271655e+03 1.019923090934753418e+00
1.513806227577127856e+03 9.865618944168090820e-01
1.513827060975820132e+03 8.989669680595397949e-01
1.513847894373581084e+03 9.760619401931762695e-01
1.513868727770177657e+03 9.657918214797973633e-01
1.513889561166075737e+03 9.115810394287109375e-01
1.513910394560809891e+03 9.114308357238769531e-01
1.513931227954612723e+03 8.789358735084533691e-01
1.513952061347251174e+03 9.610662460327148438e-01
1.513972894739192043e+03 1.047763347625732422e+00
1.513993728129967849e+03 9.838071465492248535e-01
1.514014561519579729e+03 8.618600368499755859e-01
1.514035394908493117e+03 9.749014973640441895e-01
1.514056228296242125e+03 8.963106870651245117e-01
1.514077061682826979e+03 1.027023315429687500e+00
1.514097895068480739e+03 1.100897550582885742e+00
1.514139561836994062e+03 8.406764864921569824e-01
1.514160395219621023e+03 8.368355631828308105e-01
1.514181228601083831e+03 8.058477044105529785e-01
1.514202061981615088e+03 8.720214366912841797e-01
1.514222895361215024e+03 8.316307663917541504e-01
1.514243728739651033e+03 9.738354086875915527e-01
1.514264562116922889e+03 9.994709491729736328e-01
1.514285395493263195e+03 8.270595669746398926e-01
1.514306228868439348e+03 8.925143480300903320e-01
1.514327062242684406e+03 9.073601961135864258e-01
1.514347895615765310e+03 1.022686243057250977e+00
1.514368728987681834e+03 9.666910171508789062e-01
1.514389562358667035e+03 9.752579927444458008e-01
1.514410395728488538e+03 8.918234109878540039e-01
1.514431229097145433e+03 9.172393083572387695e-01
1.514452062464871005e+03 8.670924901962280273e-01
1.514472895831432652e+03 8.663684725761413574e-01
1.514493729196830145e+03 8.315838575363159180e-01
1.514514562561063258e+03 8.693944811820983887e-01
1.514535395924365048e+03 8.776460289955139160e-01
1.514556229286270082e+03 8.533452153205871582e-01
1.514577062647243793e+03 7.219011783599853516e-01
1.514597896007053123e+03 9.275166392326354980e-01
1.514618729365698528e+03 8.563980460166931152e-01
1.514639562723179779e+03 9.088352918624877930e-01
1.514660396079264501e+03 8.693251609802246094e-01
1.514681229434417446e+03 9.769854545593261719e-01
1.514702062788406010e+03 8.332550525665283203e-01
1.514722896141230422e+03 8.393326997756958008e-01
1.514743729492890907e+03 1.022394061088562012e+00
1.514764562843154408e+03 1.004001379013061523e+00
1.514785396192486360e+03 8.404909372329711914e-01
1.514806229540421327e+03 8.649520277976989746e-01
1.514827062887192596e+03 8.947983980178833008e-01
1.514847896232566427e+03 1.062469244003295898e+00
1.514868729577008935e+03 9.865111708641052246e-01
1.514889562920054686e+03 9.920833110809326172e-01
1.514910396261936285e+03 1.121374368667602539e+00
1.514931229602420672e+03 9.991664290428161621e-01
1.514952062941740905e+03 9.915932416915893555e-01
1.514972896279664383e+03 9.655278921127319336e-01
1.514993729616423707e+03 8.561512231826782227e-01
1.515014562952018650e+03 8.592120409011840820e-01
1.515035396285983779e+03 8.989813923835754395e-01
1.515056229619018040e+03 9.352362155914306641e-01
1.515077062950422032e+03 1.006107449531555176e+00
1.515097896280661416e+03 8.795255422592163086e-01
1.515118729609504271e+03 8.602099418640136719e-01
1.515139562937182973e+03 1.015500068664550781e+00
1.515160396263232087e+03 9.999480247497558594e-01
1.515181229588117048e+03 1.036596536636352539e+00
1.515202062911371968e+03 9.509004950523376465e-01
1.515222896233462734e+03 9.023239612579345703e-01
1.515243729554156744e+03 9.443139433860778809e-01
1.515264562873453769e+03 8.937223553657531738e-01
1.515285396191120753e+03 9.754959344863891602e-01
1.515306229507623812e+03 9.943630695343017578e-01
1.515327062822497055e+03 9.001440405845642090e-01
1.515347896135973087e+03 9.230930805206298828e-01
1.515368729448052136e+03 1.001344442367553711e+00
1.515389562758501597e+03 8.918227553367614746e-01
1.515410396067554075e+03 1.048359751701354980e+00
1.515431229375209341e+03 8.843392133712768555e-01
1.515452062681234338e+03 9.901558160781860352e-01
1.515472895985629975e+03 1.034780859947204590e+00
1.515493729288628629e+03 1.001982092857360840e+00
1.515514562589997695e+03 9.552513360977172852e-01
1.515535395889736947e+03 1.043687582015991211e+00
1.515556229188078987e+03 1.014283418655395508e+00
1.515577062484791441e+03 1.013450384140014648e+00
1.515597895779641249e+03 1.112752914428710938e+00
1.515618729073093846e+03 1.029350280761718750e+00
1.515639562364917538e+03 1.018171906471252441e+00
1.515660395655110506e+03 9.530320167541503906e-01
1.515681228943440374e+03 9.485703110694885254e-01
1.515702062230140882e+03 9.078582525253295898e-01
1.515722895515211576e+03 8.967712521553039551e-01
1.515743728798419852e+03 8.639031052589416504e-01
1.515764562080231144e+03 9.862579107284545898e-01
1.515785395359946733e+03 1.031648278236389160e+00
1.515806228638032735e+03 9.428419470787048340e-01
1.515827061914256092e+03 9.362415671348571777e-01
1.515847895188849407e+03 9.885313510894775391e-01
1.515868728461346791e+03 8.487492799758911133e-01
1.515889561732214815e+03 9.760650992393493652e-01
1.515910395001220195e+03 1.009853005409240723e+00
1.515931228268363157e+03 9.126402139663696289e-01
1.515952061533643473e+03 9.702346324920654297e-01
1.515972894797060917e+03 9.019953608512878418e-01
1.515993728058615716e+03 9.322292208671569824e-01
1.516014561318075494e+03 1.028937697410583496e+00
1.516035394575905002e+03 9.664924740791320801e-01
1.516056227831638580e+03 8.875976204872131348e-01
1.516077061085277137e+03 9.446802139282226562e-01
1.518056225713989761e+03 2.010101079940795898e+00
1.518077059124027755e+03 2.069047927856445312e+00
1.518097892533833146e+03 1.886052966117858887e+00
1.518118725943405707e+03 1.708686113357543945e+00
1.518139559352511469e+03 1.622533082962036133e+00
1.518160392761386220e+03 1.806292176246643066e+00
1.518181226170028140e+03 1.517002105712890625e+00
1.518202059577969976e+03 1.537894964218139648e+00
1.518222892985679891e+03 1.409434556961059570e+00
1.518243726392924600e+03 1.628340005874633789e+00
1.518264559799936023e+03 1.345584511756896973e+00
1.518285393206248727e+03 1.219269275665283203e+00
1.518306226612095770e+03 1.144166350364685059e+00
1.518327060017709528e+03 8.228563666343688965e-01
1.518347893422625930e+03 1.014439225196838379e+00
1.518368726827076671e+03 1.175884366035461426e+00
1.518389560231060614e+03 1.069920539855957031e+00
1.518431227037166991e+03 1.266808390617370605e+00
1.518452060439521802e+03 1.157398939132690430e+00
1.518472893841411405e+03 1.383409142494201660e+00
1.518493727242602063e+03 1.128116488456726074e+00
1.518514560643093319e+03 1.288965702056884766e+00
1.518535394043120277e+03 1.300968647003173828e+00
1.518556227442681802e+03 1.010594725608825684e+00
1.518577060841543243e+03 1.065608024597167969e+00
1.518597894239707102e+03 1.162045121192932129e+00
1.518618727637405073e+03 1.229787945747375488e+00
1.518639561034404551e+03 8.808991312980651855e-01
1.518660394430706447e+03 1.162775397300720215e+00
1.518681227826541772e+03 1.205574035644531250e+00
1.518702061221678150e+03 1.086201548576354980e+00
1.518722894616116491e+03 1.218495011329650879e+00
1.518743728010090081e+03 1.139906048774719238e+00
1.518764561403364269e+03 1.208528876304626465e+00
1.518785394795707134e+03 1.253433585166931152e+00
1.518806228187817396e+03 1.324636220932006836e+00
1.518827061578996336e+03 1.084938049316406250e+00
1.518847894969477238e+03 1.048235058784484863e+00
1.518868728359492025e+03 1.157988309860229492e+00
1.518889561748574579e+03 1.079848527908325195e+00
1.518910395137191472e+03 1.062130451202392578e+00
1.518931228525111464e+03 1.213836312294006348e+00
1.518952061912332965e+03 1.167487978935241699e+00
1.518972895298854155e+03 1.110611200332641602e+00
1.518993728684677990e+03 1.163796186447143555e+00
1.519014562069803333e+03 1.155293822288513184e+00
1.519035395454229956e+03 1.283727884292602539e+00
1.519056228837958997e+03 1.150038719177246094e+00
1.519077062220988637e+03 9.954419732093811035e-01
1.519097895603552161e+03 9.847015142440795898e-01
1.519118728985183907e+03 1.176612377166748047e+00
1.519139562366118980e+03 1.353398680686950684e+00
1.519160395746355562e+03 1.273701071739196777e+00
1.519181229125892060e+03 1.105198740959167480e+00
1.519202062504730975e+03 1.344106197357177734e+00
1.519222895882871853e+03 1.490055561065673828e+00
1.519243729260313785e+03 1.129438996315002441e+00
1.519264562637056997e+03 9.813194274902343750e-01
1.519285396013101717e+03 1.102357864379882812e+00
1.519306229388447491e+03 1.118503093719482422e+00
1.519327062763095228e+03 1.274577260017395020e+00
1.519347896136812551e+03 1.320621013641357422e+00
1.519368729510063304e+03 1.165654897689819336e+00
1.519389562882615110e+03 1.211689591407775879e+00
1.519410396254236048e+03 1.134201526641845703e+00
1.519431229625159403e+03 1.144660115242004395e+00
1.519452062995616188e+03 1.248333811759948730e+00
1.519472896365141196e+03 1.238586068153381348e+00
1.519493729733968166e+03 1.105216860771179199e+00
1.519514563102097554e+03 1.216771245002746582e+00
1.519535396469527541e+03 1.019806981086730957e+00
1.519556229836026205e+03 1.179100155830383301e+00
1.519577063202059207e+03 1.182457327842712402e+00
1.519597896567393263e+03 1.216498851776123047e+00
1.519618729931796452e+03 1.345104694366455078e+00
1.519639563295502057e+03 1.219555497169494629e+00
1.519660396658741092e+03 9.326091408729553223e-01
1.519681230021048350e+03 1.371145129203796387e+00
1.519702063382656888e+03 1.239193916320800781e+00
1.519722896743335468e+03 1.215539097785949707e+00
1.519743730103548614e+03 1.273768901824951172e+00
1.519764563463061904e+03 9.549616575241088867e-01
1.519785396821644326e+03 1.289407014846801758e+00
1.519806230179528256e+03 1.242626547813415527e+00
1.519827063536713922e+03 1.180766820907592773e+00
1.519847896893201096e+03 1.024861335754394531e+00
1.519868730248989550e+03 1.281055450439453125e+00
1.519889563604079513e+03 1.256393074989318848e+00
1.519910396958470983e+03 1.157242894172668457e+00
1.519931230311931358e+03 1.056297421455383301e+00
1.519952063664693242e+03 9.840962290763854980e-01
1.519972897016989236e+03 1.212547302246093750e+00
1.519993730368353454e+03 9.357893466949462891e-01
1.520014563718786803e+03 1.096747756004333496e+00
1.520035397068755401e+03 1.067477345466613770e+00
1.520056230418024597e+03 1.113097548484802246e+00
1.520077063766361789e+03 1.023738145828247070e+00
1.520097897114233319e+03 1.168138265609741211e+00
1.520118730461175119e+03 1.026006460189819336e+00
1.520139563807418426e+03 1.001085281372070312e+00
1.520160397152961650e+03 9.056361913681030273e-01
1.520181230497573551e+03 1.000000000000000000e+00
1.520202063841721383e+03 1.021688103675842285e+00
1.520222897184937892e+03 1.131010293960571289e+00
1.520243730527454090e+03 1.118650674819946289e+00
1.520264563869505082e+03 1.074486613273620605e+00
1.520285397210392375e+03 1.032647728919982910e+00
1.520306230550814917e+03 1.066475152969360352e+00
1.520327063890538057e+03 1.010507345199584961e+00
1.520347897229329419e+03 1.012638092041015625e+00
1.520368730567655575e+03 1.026960968971252441e+00
1.520389563905050636e+03 1.069553971290588379e+00
1.520410397241747205e+03 1.026722431182861328e+00
1.520431230577745055e+03 9.149907827377319336e-01
1.520452063913044412e+03 1.036823391914367676e+00
1.520472897247412448e+03 9.239032864570617676e-01
1.520493730581314367e+03 1.045846939086914062e+00
1.520535397246558205e+03 9.944658279418945312e-01
1.520556230578132499e+03 1.262293219566345215e+00
1.520577063909008075e+03 1.058226823806762695e+00
1.520597897239185158e+03 9.362410902976989746e-01
1.520618730568430919e+03 8.840350508689880371e-01
1.520639563896978416e+03 1.063632488250732422e+00
1.520660397225060251e+03 1.293562173843383789e+00
1.520681230552209854e+03 1.081809282302856445e+00
1.520702063878661875e+03 1.124715685844421387e+00
1.520722897204182345e+03 1.059799790382385254e+00
1.520743730529237155e+03 1.038321971893310547e+00
1.520764563853593472e+03 1.006304979324340820e+00
1.520785397177018012e+03 1.110913276672363281e+00
1.520806230499744515e+03 1.123308539390563965e+00
1.520827063821773436e+03 1.131986379623413086e+00
1.520847897143102955e+03 1.055475473403930664e+00
1.520868730463733527e+03 9.913313388824462891e-01
1.520889563783433232e+03 8.395119309425354004e-01
1.520910397102434672e+03 9.941666126251220703e-01
1.520931230420970451e+03 1.143754005432128906e+00
1.520952063738574680e+03 9.068225622177124023e-01
1.520972897055479734e+03 1.011820077896118164e+00
1.520993730371454376e+03 1.203058123588562012e+00
1.521014563686963129e+03 8.463211655616760254e-01
1.521035397001773390e+03 1.050548315048217773e+00
1.521056230315652556e+03 1.034393429756164551e+00
1.521077063628832320e+03 8.582403659820556641e-01
1.521097896941314275e+03 8.754610419273376465e-01
1.521118730253097965e+03 8.829997181892395020e-01
1.521139563564183163e+03 9.188343882560729980e-01
1.521160396874336811e+03 9.739550352096557617e-01
1.521181230184024344e+03 9.043592810630798340e-01
1.521202063492781008e+03 9.958998560905456543e-01
1.521222896800839180e+03 9.297404885292053223e-01
1.521243730108199088e+03 1.072429418563842773e+00
1.521264563414860504e+03 1.095616102218627930e+00
1.521285396720590370e+03 8.405582308769226074e-01
1.521306230025854575e+03 1.012557744979858398e+00
1.521327063330187002e+03 9.546129107475280762e-01
1.521347896634054223e+03 8.943904638290405273e-01
1.521368729936990121e+03 1.041649937629699707e+00
1.521389563238994924e+03 1.004016041755676270e+00
1.521410396540534066e+03 8.449982404708862305e-01
1.521431229841373579e+03 9.954001903533935547e-01
1.521452063141282906e+03 9.661680459976196289e-01
1.521472896440493741e+03 8.612591624259948730e-01
1.521493729739238688e+03 1.060836672782897949e+00
1.521514563037052312e+03 9.939677715301513672e-01
1.521535396333934159e+03 1.025986433029174805e+00
1.521556229630350344e+03 8.969017267227172852e-01
1.521577062926069175e+03 8.942633867263793945e-01
1.521597896220856683e+03 9.073137044906616211e-01
1.521618729514944562e+03 1.102795600891113281e+00
1.521639562808333721e+03 1.010708928108215332e+00
1.521660396101024389e+03 9.591842889785766602e-01
1.521681229393018157e+03 8.354768157005310059e-01
1.521702062684080602e+03 9.466013312339782715e-01
1.521722895974675794e+03 1.018810153007507324e+00
1.521743729264339663e+03 1.023525595664978027e+00
1.521764562553305268e+03 9.882581233978271484e-01
1.521785395841572836e+03 1.140616178512573242e+00
1.521806229129142821e+03 1.051829218864440918e+00
1.521827062416013405e+03 1.099653720855712891e+00
1.521847895701952211e+03 9.241675138473510742e-01
1.521868728987192981e+03 1.068296432495117188e+00
1.521889562271968089e+03 8.698867559432983398e-01
1.521910395555811419e+03 1.030811309814453125e+00
1.521931228838723882e+03 9.926409721374511719e-01
1.521952062121170684e+03 9.655478596687316895e-01
1.521972895402919221e+03 1.098859190940856934e+00
1.521993728683736435e+03 9.036045670509338379e-01
1.522014561963854248e+03 9.722673296928405762e-01
1.522035395243273570e+03 1.068432092666625977e+00
1.522056228521994626e+03 1.029456734657287598e+00
1.522077061800018555e+03 8.322184681892395020e-01
1.522097895077110707e+03 9.524629116058349609e-01
1.522118728353736287e+03 9.595474600791931152e-01
1.522139561629430546e+03 9.947230815887451172e-01
1.522160394904426084e+03 1.058957695960998535e+00
1.522181228178724041e+03 9.242531061172485352e-01
1.522202061452323960e+03 9.268777370452880859e-01
1.522222894724992102e+03 1.022450923919677734e+00
1.522243727997193446e+03 9.709698557853698730e-01
1.522264561268464604e+03 8.850720524787902832e-01
1.522285394539037270e+03 9.005532264709472656e-01
1.522306227808910535e+03 1.107668638229370117e+00
1.522327061078085308e+03 1.171946644783020020e+00
1.522347894346329667e+03 1.133480787277221680e+00
1.522368727614108820e+03 1.141144990921020508e+00
1.522389560880956196e+03 9.748566150665283203e-01
1.522410394147104171e+03 1.021848917007446289e+00
1.522431227412553881e+03 1.054822921752929688e+00
1.522452060677072041e+03 9.136228561401367188e-01
1.522472893941125449e+03 1.067507624626159668e+00
1.522493727204247307e+03 1.003897190093994141e+00
1.522514560466670673e+03 6.939148306846618652e-01
1.522535393728395775e+03 9.614910483360290527e-01
1.522556226989422385e+03 1.210409641265869141e+00
1.522577060249750275e+03 9.255513548851013184e-01
1.522597893509146161e+03 8.901650309562683105e-01
1.522618726768076385e+03 8.082383871078491211e-01
1.522639560026075515e+03 9.591798782348632812e-01
1.522660393283377516e+03 1.071470975875854492e+00
1.522681226539747968e+03 1.024620056152343750e+00
1.522702059795651394e+03 9.140247702598571777e-01
1.522722893050623725e+03 1.016442179679870605e+00
1.522743726304897336e+03 7.876056432723999023e-01
1.522764559558473366e+03 1.004855990409851074e+00
1.522785392811350675e+03 8.477216362953186035e-01
1.522806226063529039e+03 9.484068751335144043e-01
1.522827059314775852e+03 9.203819632530212402e-01
1.522847892565325083e+03 8.384654521942138672e-01
1.522868725815176276e+03 8.559115529060363770e-01
1.522889559064328523e+03 1.047325968742370605e+00
1.522910392312548311e+03 9.217277169227600098e-01
1.522931225560302892e+03 9.735501408576965332e-01
1.522952058807126605e+03 8.831231594085693359e-01
1.522972892053252053e+03 8.277353048324584961e-01
1.522993725298678100e+03 8.284171819686889648e-01
1.523014558543173052e+03 8.151005506515502930e-01
1.523035391787202798e+03 6.530859470367431641e-01
1.523056225030302130e+03 7.857962846755981445e-01
1.523077058272702061e+03 8.297266960144042969e-01
1.523097891514403045e+03 1.008683085441589355e+00
1.523118724755172479e+03 9.015960097312927246e-01
1.523139557995476252e+03 8.357064127922058105e-01
1.523160391234849612e+03 6.453526616096496582e-01
1.523181224473524480e+03 9.579437971115112305e-01
1.523202057711266889e+03 9.133766293525695801e-01
1.523222890948544091e+03 8.772956728935241699e-01
1.523243724184891335e+03 7.614740729331970215e-01
1.523264557420539859e+03 8.361226916313171387e-01
1.523285390655488527e+03 8.488361835479736328e-01
1.523306223889506100e+03 8.109632730484008789e-01
1.523327057123058012e+03 9.085785746574401855e-01
1.523347890355679056e+03 6.405307054519653320e-01
1.523368723587601608e+03 7.587853670120239258e-01
1.523389556818592382e+03 8.865743279457092285e-01
1.523410390049117268e+03 8.825880885124206543e-01
1.523431223278710831e+03 8.577047586441040039e-01
1.523452056507606812e+03 8.584345579147338867e-01
1.523472889735804301e+03 1.013535141944885254e+00
1.523493722963070240e+03 9.942854642868041992e-01
1.523514556189637688e+03 7.337501049041748047e-01
1.523535389415506188e+03 9.084920883178710938e-01
1.523556222640676651e+03 8.707762956619262695e-01
1.523577055864915792e+03 8.264468908309936523e-01
1.523597889088688817e+03 7.733794450759887695e-01
1.523618722311530519e+03 7.913964390754699707e-01
1.523660388754886526e+03 1.061781406402587891e+00
1.523681221975399922e+03 8.618977069854736328e-01
1.523702055195214598e+03 9.256548285484313965e-01
1.523722888414330782e+03 9.414775371551513672e-01
1.523743721632516554e+03 8.518534898757934570e-01
1.523764554850004288e+03 1.062197327613830566e+00
1.523785388066792848e+03 1.149707317352294922e+00
1.523806221282882461e+03 8.492419719696044922e-01
1.523827054498040752e+03 1.110201716423034668e+00
1.523847887712501006e+03 1.025143146514892578e+00
1.523868720926262768e+03 1.145701885223388672e+00
1.523889554139092752e+03 7.992646694183349609e-01
1.523910387351224244e+03 1.007673978805541992e+00
1.523931220562657700e+03 1.256965875625610352e+00
1.523952053773392663e+03 8.936584591865539551e-01
1.523972886983195849e+03 1.078924059867858887e+00
1.523993720192300316e+03 1.130868077278137207e+00
1.524014553400706291e+03 1.085863709449768066e+00
1.524035386608181852e+03 1.060250163078308105e+00
1.524056219814958922e+03 1.009899020195007324e+00
1.524077053021036363e+03 1.263729691505432129e+00
1.524097886226182936e+03 1.137867808341979980e+00
1.524118719430863848e+03 7.830464839935302734e-01
1.524139552634614574e+03 9.185920357704162598e-01
1.524160385837433978e+03 1.028168678283691406e+00
1.524181219039553753e+03 9.159030318260192871e-01
1.524202052240975036e+03 9.016147255897521973e-01
1.524222885441698281e+03 9.120647907257080078e-01
1.524243718641490204e+03 8.575162887573242188e-01
1.524264551840583181e+03 9.905396699905395508e-01
1.524285385038744607e+03 1.048090696334838867e+00
1.524306218236440372e+03 1.051944136619567871e+00
1.524327051433205725e+03 8.129539489746093750e-01
1.524347884629039754e+03 8.193341493606567383e-01
1.524368717824174155e+03 9.652954936027526855e-01
1.524389551018610518e+03 9.490896463394165039e-01
1.524410384212348390e+03 6.579336524009704590e-01
1.524431217405155394e+03 8.251888155937194824e-01
1.524452050597031075e+03 8.055051565170288086e-01
1.524472883788440640e+03 7.855631113052368164e-01
1.524493716978918883e+03 9.209464192390441895e-01
1.524514550168698179e+03 8.495237827301025391e-01
1.524535383357547289e+03 1.100426077842712402e+00
1.524556216545697907e+03 9.775066375732421875e-01
1.524577049732916294e+03 1.062783837318420410e+00
1.524597882919436188e+03 1.048068404197692871e+00
1.524618716105258500e+03 8.980466127395629883e-01
1.524639549290149489e+03 9.821290969848632812e-01
1.524660382474340850e+03 8.766176700592041016e-01
1.524681215657834173e+03 8.443446159362792969e-01
1.524702048840396174e+03 7.962142229080200195e-01
1.524722882022260137e+03 1.014389991760253906e+00
1.524743715203192778e+03 9.623814821243286133e-01
1.524764548383426472e+03 1.011083483695983887e+00
1.524785381562728844e+03 9.636193513870239258e-01
1.524806214741565100e+03 8.445754647254943848e-01
1.524827047919238339e+03 8.457974791526794434e-01
1.524847881096213086e+03 1.138775944709777832e+00
1.524868714272488432e+03 1.032428264617919922e+00
1.524889547447832456e+03 1.012963533401489258e+00
1.524910380622478897e+03 1.266012668609619141e+00
1.524931213796426846e+03 1.011330008506774902e+00
1.524952046969442335e+03 1.015379309654235840e+00
1.524972880141526957e+03 8.286750912666320801e-01
1.524993713312913087e+03 1.039897441864013672e+00
1.525014546483601180e+03 9.250597953796386719e-01
1.525035379653357950e+03 8.526144027709960938e-01
1.525056212822182943e+03 1.152542114257812500e+00
1.525077045990309216e+03 1.084987521171569824e+00
1.525097879157736998e+03 1.030040025711059570e+00
1.525118712324234366e+03 1.018428087234497070e+00
1.525139545490033242e+03 9.818853139877319336e-01
1.525160378654899887e+03 1.065027713775634766e+00
1.525181211819068039e+03 1.206191658973693848e+00
1.525202044982305097e+03 9.379864931106567383e-01
1.525222878144611286e+03 8.827778100967407227e-01
1.525243711306218984e+03 1.112334966659545898e+00
1.525264544467127735e+03 9.269059300422668457e-01
1.525285377627105163e+03 8.835484385490417480e-01
1.525306210786151723e+03 1.003718733787536621e+00
1.525327043944499792e+03 9.580873250961303711e-01
1.525347877102148914e+03 8.300791978836059570e-01
1.525368710258633655e+03 1.086656212806701660e+00
1.525389543414652735e+03 9.759382605552673340e-01
1.525410376569508571e+03 7.321314215660095215e-01
1.525431209723665916e+03 9.320237040519714355e-01
1.525452042877123858e+03 9.885954856872558594e-01
1.525472876029650479e+03 9.209203720092773438e-01
1.525493709181246004e+03 1.076342105865478516e+00
1.525514542332143492e+03 8.693122267723083496e-01
1.525535375482109657e+03 9.122951626777648926e-01
1.525556208631144045e+03 1.251309037208557129e+00
1.525577041779479941e+03 9.078149795532226562e-01
1.525597874927117800e+03 8.844713568687438965e-01
1.525618708073591506e+03 1.182049751281738281e+00
1.525639541219366265e+03 1.118013739585876465e+00
1.525660374364442305e+03 8.979839086532592773e-01
1.525681207508354191e+03 9.171382784843444824e-01
1.525702040651568495e+03 1.115646839141845703e+00
1.525722873794084308e+03 8.738961219787597656e-01
1.525743706935435057e+03 1.014404773712158203e+00
1.525764540076087314e+03 1.019526958465576172e+00
1.525785373216041307e+03 9.538004398345947266e-01
1.525806206354831602e+03 8.715007305145263672e-01
1.525827039492923404e+03 9.976292252540588379e-01
1.525847872630315578e+03 9.003443121910095215e-01
1.525868705766543599e+03 9.590329527854919434e-01
1.525889538902073355e+03 9.192260503768920898e-01
1.525910372036672925e+03 9.181152582168579102e-01
1.525931205170341173e+03 1.014487624168395996e+00
1.525952038303310019e+03 1.048442006111145020e+00
1.525972871435347543e+03 1.208529829978942871e+00
1.525993704566454653e+03 8.064664602279663086e-01
1.526014537696630441e+03 1.000657558441162109e+00
1.526035370825873770e+03 9.447873830795288086e-01
1.526056203954419061e+03 1.015587806701660156e+00
1.526077037082033030e+03 1.071429491043090820e+00
1.526097870208716131e+03 9.335201978683471680e-01
1.526118703334467909e+03 1.139517426490783691e+00
1.526139536459520741e+03 1.031435728073120117e+00
1.526160369583642250e+03 9.724065661430358887e-01
1.526181202706599151e+03 8.330330252647399902e-01
1.526202035828858698e+03 8.964642882347106934e-01
1.526222868950186012e+03 1.129231572151184082e+00
1.526243702070814379e+03 1.007527470588684082e+00
1.526264535190279048e+03 9.636873006820678711e-01
1.526285368308813077e+03 9.645077586174011230e-01
1.526306201426648840e+03 1.083438873291015625e+00
1.526327034543552372e+03 1.076884031295776367e+00
1.526347867659291978e+03 1.028593659400939941e+00
1.526368700774333092e+03 9.892392754554748535e-01
1.526389533888443339e+03 9.633039236068725586e-01
1.526410367001622262e+03 1.125801563262939453e+00
1.526431200113869409e+03 9.328499436378479004e-01
1.526452033225185005e+03 9.921357631683349609e-01
1.526472866335569279e+03 9.835824370384216309e-01
1.526493699445022457e+03 8.712199926376342773e-01
1.526514532553544313e+03 1.241650819778442383e+00
1.526535365661134392e+03 1.205081582069396973e+00
1.526556198767560772e+03 9.576069712638854980e-01
1.526577031873288661e+03 1.036554098129272461e+00
1.526597864978085681e+03 1.082590937614440918e+00
1.526618698081951379e+03 9.656907320022583008e-01
1.526639531184885300e+03 1.045983314514160156e+00
1.526660364286655067e+03 9.948397278785705566e-01
1.526681197387726797e+03 1.071394801139831543e+00
1.526702030487634374e+03 1.133172273635864258e+00
1.526722863586609265e+03 1.101730346679687500e+00
1.526743696684653059e+03 1.338158845901489258e+00
1.526785362877948273e+03 1.007470011711120605e+00
1.526806195973199465e+03 1.025027275085449219e+00
1.526827029067285594e+03 1.199117183685302734e+00
1.526847862160440627e+03 9.164804816246032715e-01
1.526868695252664338e+03 1.086377739906311035e+00
1.526889528343957181e+03 1.109300136566162109e+00
1.526910361434085871e+03 1.062541365623474121e+00
1.526931194523514705e+03 1.007612586021423340e+00
1.526952027611779613e+03 1.152934551239013672e+00
1.526972860698881732e+03 9.839432239532470703e-01
1.526993693785052301e+03 1.277017593383789062e+00
1.527014526870291093e+03 1.040932536125183105e+00
1.527035359954598107e+03 9.860066175460815430e-01
1.527056193037741423e+03 8.565536141395568848e-01
1.527077026119953871e+03 1.134649634361267090e+00
1.527097859201235224e+03 1.106790900230407715e+00
1.527118692281351059e+03 1.103164553642272949e+00
1.527139525360302514e+03 8.905715942382812500e-01
1.527160358438323556e+03 1.100982785224914551e+00
1.527181191515413730e+03 1.171382188796997070e+00
1.527202024591339750e+03 1.027353167533874512e+00
1.527222857666333994e+03 1.059291124343872070e+00
1.527243690740163856e+03 1.038442373275756836e+00
1.527264523813063306e+03 8.990281820297241211e-01
1.527285356884797466e+03 1.026329874992370605e+00
1.527306189955367245e+03 9.808438420295715332e-01
1.527327023025006156e+03 9.506588578224182129e-01
1.527347856093481141e+03 9.920912384986877441e-01
1.527368689161025259e+03 9.371663331985473633e-01
1.527389522227405450e+03 1.181138277053833008e+00
1.527410355292620579e+03 1.023119211196899414e+00
1.527431188356904613e+03 1.061221599578857422e+00
1.527452021419790753e+03 9.514486193656921387e-01
1.527472854481746481e+03 1.026041388511657715e+00
1.527493687542771340e+03 7.128558754920959473e-01
1.527514520602398761e+03 9.761172533035278320e-01
1.527535353661094405e+03 9.602530002593994141e-01
1.527556186718393519e+03 7.701208591461181641e-01
1.527577019774761766e+03 8.316091299057006836e-01
1.527597852829965404e+03 7.602608203887939453e-01
1.527618685884003980e+03 9.960962533950805664e-01
1.527639518937112143e+03 9.521512985229492188e-01
1.527660351988823777e+03 9.580501914024353027e-01
1.527681185039371258e+03 1.057734608650207520e+00
1.527702018088754130e+03 8.713799118995666504e-01
1.527722851136972849e+03 9.614363908767700195e-01
1.527743684184026506e+03 1.037031531333923340e+00
1.527764517229916919e+03 8.517948389053344727e-01
1.527785350274643633e+03 8.694593906402587891e-01
1.527806183317972682e+03 8.328611850738525391e-01
1.527827016360370408e+03 9.982538819313049316e-01
1.527847849401371377e+03 1.216526746749877930e+00
1.527868682441208193e+03 9.855180978775024414e-01
1.527889515479647798e+03 9.777464270591735840e-01
1.527910348516923250e+03 9.537048339843750000e-01
1.527931181553034776e+03 1.014248967170715332e+00
1.527952014587982603e+03 1.217605948448181152e+00
1.527972847621533447e+03 1.038425803184509277e+00
1.527993680653686170e+03 9.779704809188842773e-01
1.528014513684907570e+03 8.380834460258483887e-01
1.528035346714499383e+03 1.037329196929931641e+00
1.528056179742928180e+03 1.017632007598876953e+00
1.528077012770192823e+03 1.058350682258605957e+00
1.528097845795826743e+03 9.405556917190551758e-01
1.528118678820528885e+03 1.072061896324157715e+00
1.528139511843600985e+03 9.518701434135437012e-01
1.528160344865510297e+03 9.394101500511169434e-01
1.528181177885789793e+03 1.163187861442565918e+00
1.528202010904904682e+03 9.462813138961791992e-01
1.528222843922855418e+03 1.198492646217346191e+00
1.528243676939175430e+03 1.215361237525939941e+00
1.528264509954099140e+03 1.101783037185668945e+00
1.528285342967626775e+03 9.388089776039123535e-01
1.528306175979989348e+03 1.050974488258361816e+00
1.528327008990722106e+03 9.767866134643554688e-01
1.528347842000058108e+03 1.108514904975891113e+00
1.528368675007997126e+03 1.223848223686218262e+00
1.528389508014305875e+03 1.032183885574340820e+00
1.528410341019450925e+03 1.021015048027038574e+00
1.528431174022966161e+03 1.269345998764038086e+00
1.528452007024851355e+03 9.599010944366455078e-01
1.528472840025572395e+03 1.103829622268676758e+00
1.528493673024663849e+03 1.102780461311340332e+00
1.528514506022125261e+03 1.256139039993286133e+00
1.528535339018189688e+03 1.202841877937316895e+00
1.528556172012624529e+03 9.903135299682617188e-01
1.528577005005662386e+03 1.060805559158325195e+00
1.528597837996837370e+03 1.077588677406311035e+00
1.528618670986615371e+03 1.110942006111145020e+00
1.528639503974997069e+03 1.090325593948364258e+00
1.528660336961515668e+03 9.415972828865051270e-01
1.528681169946636373e+03 9.888759851455688477e-01
1.528702002929895343e+03 1.092140316963195801e+00
1.528722835911757329e+03 1.011289000511169434e+00
1.528743668891989955e+03 1.082597255706787109e+00
1.528764501870359254e+03 9.331033825874328613e-01
1.528785334847331114e+03 1.002560257911682129e+00
1.528806167822440784e+03 1.053235888481140137e+00
1.528827000795920640e+03 1.027101874351501465e+00
1.528847833767770908e+03 1.373403429985046387e+00
1.528868666737758303e+03 1.175901055335998535e+00
1.528889499706115885e+03 1.100689768791198730e+00
1.528910332672843879e+03 1.074818968772888184e+00
1.528931165637942058e+03 9.367676973342895508e-01
1.528951998601177365e+03 1.283720016479492188e+00
1.528972831562550027e+03 9.784846901893615723e-01
1.528993664522293102e+03 1.177092194557189941e+00
1.529014497480406135e+03 1.305193066596984863e+00
1.529035330436656523e+03 1.014887928962707520e+00
1.529056163391277323e+03 8.096125721931457520e-01
1.536014395502884099e+03 1.191007256507873535e+00
1.536035228454710932e+03 8.182584643363952637e-01
1.536056061405837909e+03 1.169803380966186523e+00
1.536076894356499679e+03 1.215334296226501465e+00
1.536097727306230809e+03 1.099675893783569336e+00
1.536118560255262992e+03 1.178484678268432617e+00
1.536139393203596455e+03 9.923281073570251465e-01
1.536160226151231427e+03 8.817687034606933594e-01
1.536181059097934622e+03 1.009181141853332520e+00
1.536201892044172610e+03 8.691646456718444824e-01
1.536222724989480184e+03 1.167546629905700684e+00
1.536243557934088358e+03 9.609166383743286133e-01
1.536264390878230188e+03 9.889399409294128418e-01
1.536285223821441605e+03 1.150894165039062500e+00
1.536306056763954984e+03 9.450087547302246094e-01
1.536326889705536587e+03 1.010402679443359375e+00
1.536347722646652301e+03 9.208433628082275391e-01
1.536368555586836692e+03 1.071404337882995605e+00
1.536389388526555422e+03 7.814564704895019531e-01
1.536410221465343739e+03 9.235240221023559570e-01
1.536431054403432654e+03 8.534505367279052734e-01
1.536451887340822623e+03 8.918495774269104004e-01
1.536472720277514554e+03 1.007816195487976074e+00
1.536493553213276073e+03 1.010191440582275391e+00
1.536514386148571020e+03 8.639270067214965820e-01
1.536535219082933963e+03 9.515173435211181641e-01
1.536576884949565965e+03 8.810356259346008301e-01
1.536597717881834114e+03 7.531130909919738770e-01
1.536618550813404681e+03 7.695969939231872559e-01
1.536639383744043016e+03 5.886529088020324707e-01
1.536660216673982404e+03 7.748946547508239746e-01
1.536681049603455676e+03 5.993816256523132324e-01
1.536701882531999445e+03 6.412279605865478516e-01
1.536722715459611891e+03 6.272172331809997559e-01
1.536743548386757084e+03 6.767969727516174316e-01
1.536764381313204694e+03 6.937060356140136719e-01
1.536785214238721210e+03 7.311811447143554688e-01
1.536806047163539006e+03 7.884250283241271973e-01
1.536826880087657401e+03 6.216197013854980469e-01
1.536847713011077985e+03 9.110009670257568359e-01
1.536868545933567475e+03 8.300041556358337402e-01
1.536889378855591303e+03 6.542274951934814453e-01
1.536910211776684264e+03 8.199667930603027344e-01
1.536931044697078278e+03 6.632993817329406738e-01
1.536951877616772663e+03 7.817773818969726562e-01
1.536972710535536180e+03 5.352795720100402832e-01
1.536993543453835400e+03 7.876349091529846191e-01
1.537014376371202843e+03 6.109284758567810059e-01
1.537035209287870885e+03 9.423538446426391602e-01
1.537056042203607603e+03 7.511934638023376465e-01
1.537076875118879798e+03 8.178495168685913086e-01
1.537097708033220670e+03 7.121233940124511719e-01
1.537118540946861913e+03 8.852621912956237793e-01
1.537139373859804437e+03 5.521772503852844238e-01
1.537160206772049378e+03 7.665034532546997070e-01
1.537181039683363224e+03 5.868359804153442383e-01
1.537201872594211181e+03 8.533735275268554688e-01
1.537222705503894076e+03 7.616118788719177246e-01
1.537243538413112219e+03 9.096106886863708496e-01
1.537264371321631870e+03 6.731603145599365234e-01
1.537285204229219971e+03 9.539114236831665039e-01
1.537306037136109580e+03 1.010990023612976074e+00
1.537326870042300698e+03 7.357746958732604980e-01
1.537347702947560492e+03 7.299268245697021484e-01
1.537368535852121340e+03 7.310639023780822754e-01
1.537389368755984151e+03 8.810925483703613281e-01
1.537410201659149379e+03 1.015376925468444824e+00
1.537431034561382376e+03 7.804437279701232910e-01
1.537451867463149256e+03 7.843204140663146973e-01
1.537472700363985268e+03 1.007686018943786621e+00
1.537493533263890868e+03 8.647618293762207031e-01
1.537514366163097066e+03 9.748882651329040527e-01
1.537535199061836920e+03 1.007668375968933105e+00
1.537556031959412621e+03 7.997832894325256348e-01
1.537576864856524253e+03 6.826946735382080078e-01
1.537597697752704562e+03 1.105595707893371582e+00
1.537618530648184560e+03 9.391703605651855469e-01
1.537639363542733690e+03 8.540757894515991211e-01
1.537660196436817159e+03 7.575482726097106934e-01
1.537681029329970215e+03 8.524256348609924316e-01
1.537701862222192403e+03 9.597128033638000488e-01
1.537722695113947566e+03 8.957604169845581055e-01
1.537743528004770951e+03 9.515201449394226074e-01
1.537764360894664833e+03 1.065620422363281250e+00
1.537785193784093053e+03 1.043692946434020996e+00
1.537806026672588359e+03 8.638809919357299805e-01
1.537826859560152343e+03 9.819011092185974121e-01
1.537847692447250893e+03 9.645350575447082520e-01
1.537868525333419257e+03 9.535630941390991211e-01
1.537889358218656298e+03 9.894704818725585938e-01
1.537910191103426541e+03 9.290616512298583984e-01
1.537931023987265235e+03 1.019208312034606934e+00
1.537951856870172605e+03 1.132462143898010254e+00
1.537972689752383076e+03 1.035068631172180176e+00
1.537993522633895054e+03 1.272283673286437988e+00
1.538014355514706722e+03 1.287476301193237305e+00
1.538035188394587522e+03 1.190012931823730469e+00
1.538056021273537453e+03 1.260675191879272461e+00
1.538076854152022634e+03 1.190425157546997070e+00
1.538097687029575582e+03 1.023209333419799805e+00
1.538118519906196752e+03 1.067851781845092773e+00
1.538139352782118976e+03 1.348648548126220703e+00
1.538160185657343845e+03 1.064193725585937500e+00
1.538181018531637847e+03 1.319955706596374512e+00
1.538201851405232901e+03 1.220692157745361328e+00
1.538222684277895723e+03 1.135731697082519531e+00
1.538243517149860281e+03 1.180960059165954590e+00
1.538264350021126802e+03 1.355195641517639160e+00
1.538285182891462000e+03 1.251230001449584961e+00
1.538306015760866103e+03 1.317174792289733887e+00
1.538326848629571714e+03 1.085614919662475586e+00
1.538347681497577696e+03 1.152600646018981934e+00
1.538368514364653493e+03 1.062599897384643555e+00
1.538389347231030797e+03 1.113971352577209473e+00
1.538410180096475642e+03 1.254088401794433594e+00
1.538431012961223132e+03 1.175962448120117188e+00
1.538451845825039754e+03 1.023266196250915527e+00
1.538472678688157202e+03 1.285989403724670410e+00
1.538493511550342873e+03 1.331375598907470703e+00
1.538514344411830052e+03 1.295780658721923828e+00
1.538535177272618284e+03 1.359644889831542969e+00
1.538556010132244182e+03 1.454328179359436035e+00
1.538576842991171588e+03 1.465594053268432617e+00
1.538597675849398911e+03 1.408414125442504883e+00
1.538618508706694911e+03 1.476488590240478516e+00
1.538639341563292646e+03 1.170937776565551758e+00
1.538660174418959514e+03 1.069827437400817871e+00
1.538681007273695968e+03 1.301742076873779297e+00
1.538701840127733021e+03 1.320261836051940918e+00
1.538722672980838070e+03 1.224472522735595703e+00
1.538743505833245536e+03 1.310266494750976562e+00
1.538764338684721452e+03 1.164398670196533203e+00
1.538785171535498421e+03 1.273248434066772461e+00
1.538806004385343613e+03 1.468058109283447266e+00
1.538826837234258619e+03 1.175752401351928711e+00
1.538847670082475588e+03 1.447495102882385254e+00
1.538868502929760552e+03 1.129546880722045898e+00
1.538889335776113739e+03 1.294805288314819336e+00
1.538910168621768435e+03 1.094963073730468750e+00
1.538931001466491352e+03 1.244710564613342285e+00
1.538951834310284084e+03 1.276228785514831543e+00
1.538972667153378779e+03 1.163277983665466309e+00
1.538993499995541697e+03 1.333786249160766602e+00
1.539014332837005213e+03 1.463583350181579590e+00
1.539035165677304803e+03 1.363193869590759277e+00
1.539055998516906357e+03 1.274631381034851074e+00
1.539076831355809418e+03 1.200806975364685059e+00
1.539097664193547871e+03 1.324734091758728027e+00
1.539118497030587605e+03 1.319818496704101562e+00
1.539139329866697381e+03 1.407461404800415039e+00
1.539160162702108892e+03 1.318858027458190918e+00
1.539180995536354885e+03 1.215324521064758301e+00
1.539201828369901932e+03 1.204600095748901367e+00
1.539222661202518111e+03 1.219741582870483398e+00
1.539243494034203422e+03 1.191319346427917480e+00
1.539264326865190242e+03 9.946312904357910156e-01
1.539285159695012453e+03 1.169456601142883301e+00
1.539305992524136173e+03 1.150690317153930664e+00
1.539326825352329024e+03 1.267157435417175293e+00
1.539347658179591235e+03 1.219438076019287109e+00
1.539368491005921669e+03 1.193406224250793457e+00
1.539389323831552701e+03 1.213978528976440430e+00
1.539410156656019581e+03 1.287240386009216309e+00
1.539430989479788650e+03 1.112154483795166016e+00
1.539451822302626624e+03 1.253758907318115234e+00
1.539472655124532366e+03 1.102874398231506348e+00
1.539493487945274182e+03 1.230980038642883301e+00
1.539514320765317279e+03 1.026059150695800781e+00
1.539535153584430418e+03 1.011359572410583496e+00
1.539555986402845292e+03 1.264215230941772461e+00
1.539576819220094421e+03 1.207715272903442383e+00
1.539597652036412228e+03 1.168765187263488770e+00
1.539618484851798939e+03 9.524548649787902832e-01
1.539639317666254783e+03 1.237378835678100586e+00
1.539660150479779304e+03 9.708283543586730957e-01
1.539701816104033469e+03 1.044346094131469727e+00
1.539722648914763113e+03 9.803343415260314941e-01
1.539743481724562571e+03 8.102483153343200684e-01
1.539764314533430706e+03 1.097708940505981445e+00
1.539785147341367292e+03 1.180958271026611328e+00
1.539805980148139724e+03 1.035866022109985352e+00
1.539826812954213665e+03 1.095026254653930664e+00
1.539847645759123679e+03 1.074113249778747559e+00
1.539868478563101462e+03 1.066335916519165039e+00
1.539889311366148149e+03 9.535382986068725586e-01
1.539910144168263287e+03 8.683749437332153320e-01
1.539930976969448011e+03 9.247721433639526367e-01
1.539951809769468355e+03 1.005020022392272949e+00
1.539972642568556694e+03 9.403649568557739258e-01
1.539993475366713710e+03 1.158949136734008789e+00
1.540014308163939631e+03 9.344823956489562988e-01
1.540035140960001854e+03 9.031918048858642578e-01
1.540055973755132754e+03 9.614822268486022949e-01
1.540076806549331877e+03 9.503103494644165039e-01
1.540097639342367302e+03 8.062480092048645020e-01
1.540118472134472313e+03 1.046851277351379395e+00
1.540139304925645092e+03 8.894814848899841309e-01
1.540160137715653264e+03 9.851539731025695801e-01
1.540180970504729657e+03 8.321157693862915039e-01
1.540201803292642353e+03 9.075285792350769043e-01
1.540222636079624181e+03 6.745445132255554199e-01
1.540243468865441855e+03 9.341091513633728027e-01
1.540264301650327752e+03 7.842366099357604980e-01
1.540285134434282327e+03 8.417153358459472656e-01
1.540305967216839463e+03 6.331804394721984863e-01
1.540326799998699244e+03 9.858404994010925293e-01
1.540347632779162041e+03 9.187563657760620117e-01
1.540368465558925209e+03 9.479805231094360352e-01
1.540389298337291848e+03 8.570742011070251465e-01
1.540410131114727164e+03 7.819200754165649414e-01
1.540430963890998783e+03 9.109804034233093262e-01
1.540451796666339078e+03 9.596380591392517090e-01
1.540472629440281935e+03 7.239769697189331055e-01
1.540493462213293242e+03 8.079418540000915527e-01
1.540514294985374136e+03 8.024799823760986328e-01
1.540535127756057818e+03 8.131480216979980469e-01
1.540555960525809496e+03 7.886011004447937012e-01
1.540576793294397021e+03 9.048497676849365234e-01
1.540597626061820620e+03 6.919901371002197266e-01
1.540618458828080520e+03 8.149781227111816406e-01
1.540639291593176267e+03 8.870450258255004883e-01
1.540660124357107406e+03 9.586981534957885742e-01
1.540680957119874165e+03 7.905172109603881836e-01
1.540701789881476770e+03 7.312809228897094727e-01
1.540722622641916132e+03 7.162728905677795410e-01
1.540743455401424171e+03 9.301714301109313965e-01
1.540764288159534090e+03 8.322494626045227051e-01
1.540785120916247479e+03 7.624033093452453613e-01
1.540805953672030000e+03 9.656804203987121582e-01
1.540826786426648368e+03 8.061141371726989746e-01
1.540847619179869298e+03 7.145470380783081055e-01
1.540868451931926074e+03 1.015225291252136230e+00
1.540889284682818243e+03 9.582623243331909180e-01
1.540910117432314564e+03 9.114415645599365234e-01
1.540930950180646732e+03 7.406076192855834961e-01
1.540951782927813611e+03 7.852796316146850586e-01
1.540972615673583960e+03 8.278002738952636719e-01
1.540993448418190155e+03 8.005846142768859863e-01
1.541014281161632653e+03 7.440877556800842285e-01
1.541035113903445335e+03 6.576895713806152344e-01
1.541055946644326241e+03 8.497385382652282715e-01
1.541076779383577104e+03 6.865286231040954590e-01
1.541097612121664724e+03 7.789235711097717285e-01
1.541118444858587964e+03 6.607715487480163574e-01
1.541139277593880706e+03 7.758330106735229492e-01
1.541160110328009296e+03 5.744100213050842285e-01
1.541180943060741129e+03 8.244535326957702637e-01
1.541201775792076432e+03 8.651316165924072266e-01
1.541222608522014752e+03 8.346613049507141113e-01
1.541243441250788464e+03 9.784308075904846191e-01
1.541264273977932135e+03 8.129318356513977051e-01
1.541285106703678821e+03 8.880313038825988770e-01
1.541305939428262263e+03 7.561987638473510742e-01
1.541326772151215891e+03 7.832054495811462402e-01
1.541347604872771399e+03 6.254887580871582031e-01
1.541368437592930377e+03 7.683348655700683594e-01
1.541389270311459541e+03 8.767611384391784668e-01
1.541410103028592175e+03 6.081345081329345703e-01
1.541430935744327826e+03 6.867700815200805664e-01
1.541451768458666038e+03 7.473564147949218750e-01
1.541472601171373981e+03 7.660852074623107910e-01
1.541493433882453246e+03 7.112715840339660645e-01
1.541514266592135527e+03 6.760595440864562988e-01
1.541535099300186857e+03 7.610874772071838379e-01
1.541555932006841658e+03 8.844052553176879883e-01
1.541576764711866645e+03 8.292811512947082520e-01
1.541597597415495102e+03 6.474997401237487793e-01
1.541618430117260459e+03 6.790652275085449219e-01
1.541639262817627923e+03 7.384734153747558594e-01
1.541660095516366255e+03 8.171655535697937012e-01
1.541680928213474772e+03 1.119153976440429688e+00
1.541701760908954157e+03 7.532806992530822754e-01
1.541722593602803954e+03 5.272783041000366211e-01
1.541743426294790197e+03 5.076270103454589844e-01
1.541764258985379684e+03 5.403113961219787598e-01
1.541785091674339810e+03 5.942967534065246582e-01
1.541805924361437292e+03 8.552697300910949707e-01
1.541826757046904504e+03 6.334888339042663574e-01
1.541847589730741674e+03 4.836574494838714600e-01
1.541868422412949030e+03 4.148596525192260742e-01
1.541889255093527481e+03 4.760372042655944824e-01
1.541910087772243287e+03 3.556472659111022949e-01
1.541930920449327687e+03 2.428807616233825684e-01
1.541951753124549441e+03 3.077235221862792969e-01
1.541972585798142063e+03 3.646130263805389404e-01
1.541993418470105780e+03 1.630476415157318115e-01
