1.517723412198997039e+03 1.012713551521301270e+00
1.517744246178836875e+03 1.015082478523254395e+00
1.517765080157513012e+03 1.013388395309448242e+00
1.517785914135328539e+03 1.015729904174804688e+00
1.517806748112594732e+03 1.017411470413208008e+00
1.517827582089620819e+03 1.015469789505004883e+00
1.517848416066713071e+03 1.011290431022644043e+00
1.517869250044165028e+03 1.010870575904846191e+00
1.517890084022253632e+03 1.008853793144226074e+00
1.517910918001238315e+03 1.012844204902648926e+00
1.518056755894716616e+03 1.009249806404113770e+00
1.518119257874977620e+03 1.010023713111877441e+00
1.518202593868245231e+03 1.008897662162780762e+00
1.518348431867698991e+03 1.006347775459289551e+00
1.518390099858660278e+03 1.005688548088073730e+00
1.518494269797076413e+03 1.002349615097045898e+00
1.518515103776677734e+03 1.006995916366577148e+00
1.518556771727123305e+03 1.002216219902038574e+00
1.518640107593947278e+03 1.006296873092651367e+00
1.518765111327538762e+03 1.005950093269348145e+00
1.518785945278542613e+03 1.006384611129760742e+00
1.518827613179321588e+03 1.005845427513122559e+00
1.518848447129710621e+03 1.005883455276489258e+00
1.518890115031940013e+03 1.007166147232055664e+00
1.518931782937838989e+03 1.003329157829284668e+00
1.518952616892718197e+03 1.008567690849304199e+00
1.518973450849114670e+03 1.005452275276184082e+00
1.518994284807161421e+03 1.004018664360046387e+00
1.519035952728538405e+03 1.002344846725463867e+00
1.519098454624000624e+03 1.001777529716491699e+00
1.519181790505991785e+03 9.982046484947204590e-01
1.519202624479128644e+03 1.000524997711181641e+00
1.519223458452832801e+03 1.001252889633178711e+00
1.519244292426821175e+03 1.002499818801879883e+00
1.519265126400797499e+03 1.000778913497924805e+00
1.519327628319568248e+03 1.002016544342041016e+00
1.519348462290413863e+03 1.003338932991027832e+00
1.519369296259723797e+03 1.002480864524841309e+00
1.519390130227225427e+03 1.001144289970397949e+00
1.519410964192664551e+03 1.000879049301147461e+00
1.519431798155814704e+03 9.991837739944458008e-01
1.519452632116476252e+03 1.000312328338623047e+00
1.519473466074485032e+03 1.002890825271606445e+00
1.519494300029712349e+03 9.996049404144287109e-01
1.519535967931501318e+03 1.003521800041198730e+00
1.519556801878000215e+03 1.003508687019348145e+00
1.519598469762359855e+03 1.004275083541870117e+00
1.519619303700400906e+03 1.002573966979980469e+00
1.519640137635867404e+03 1.005675911903381348e+00
1.519660971568938749e+03 1.004050612449645996e+00
1.519681805499828215e+03 1.003555297851562500e+00
1.519702639428777275e+03 1.000910520553588867e+00
1.519723473356051500e+03 1.001863718032836914e+00
1.519765141206720500e+03 1.000635504722595215e+00
1.519785975130720999e+03 1.000892877578735352e+00
1.519806809054245150e+03 1.002599239349365234e+00
1.519869310825012462e+03 1.002842783927917480e+00
1.519890144749630281e+03 1.003319263458251953e+00
1.519931812601945921e+03 1.002377510070800781e+00
1.519952646530063703e+03 1.002359628677368164e+00
1.519973480459716029e+03 1.000935673713684082e+00
1.519994314391028183e+03 1.002836346626281738e+00
1.520056816195609599e+03 1.000060677528381348e+00
1.520077650134041278e+03 9.987522363662719727e-01
1.520119318015883664e+03 1.000033259391784668e+00
1.520223487741853887e+03 1.000380396842956543e+00
1.520244321688852096e+03 1.000008225440979004e+00
1.520327657473201953e+03 9.986672401428222656e-01
1.520369325358898550e+03 1.001158714294433594e+00
1.520410993237228922e+03 9.968187212944030762e-01
1.520431827173023748e+03 9.972949028015136719e-01
1.520452661106303367e+03 9.997236728668212891e-01
1.520473495036907934e+03 1.000151872634887695e+00
1.520494328964713077e+03 9.987362623214721680e-01
1.520535996811622908e+03 1.000302672386169434e+00
1.520556830730678030e+03 1.002315759658813477e+00
1.520598498560163080e+03 1.000695347785949707e+00
1.520619332470785821e+03 1.000391960144042969e+00
1.520640166378849472e+03 9.980173707008361816e-01
1.520661000284542297e+03 1.003043889999389648e+00
1.520702668089705639e+03 1.000549554824829102e+00
1.520723501989689566e+03 1.002047300338745117e+00
1.520744335888315163e+03 1.001695752143859863e+00
1.520806837579078092e+03 9.991872310638427734e-01
1.520827671475327179e+03 9.998873472213745117e-01
1.520911007064817341e+03 1.000416398048400879e+00
1.520952674865783365e+03 1.001286745071411133e+00
1.521015176579062199e+03 1.002630829811096191e+00
1.521036010487010572e+03 1.001127719879150391e+00
1.521056844396757015e+03 1.002730727195739746e+00
1.521077678308262648e+03 1.003585934638977051e+00
1.521098512221449937e+03 1.004868745803833008e+00
1.521119346136199283e+03 1.000556588172912598e+00
1.521140180052359256e+03 1.001306653022766113e+00
1.521161013969739770e+03 9.990118741989135742e-01
1.521181847888121865e+03 1.001079082489013672e+00
1.521223515726887854e+03 1.001448512077331543e+00
1.521244349646714909e+03 1.003577113151550293e+00
1.521265183566442374e+03 1.003080129623413086e+00
1.521286017485762386e+03 1.001964688301086426e+00
1.521327685321937224e+03 1.003023147583007812e+00
1.521348519238183371e+03 1.001135587692260742e+00
1.521369353152814028e+03 1.002783536911010742e+00
1.521390187065560212e+03 1.000319004058837891e+00
1.521411020976174314e+03 1.000377893447875977e+00
1.521431854884435324e+03 1.001721382141113281e+00
1.521452688790156117e+03 9.984158873558044434e-01
1.521473522693180257e+03 1.000999569892883301e+00
1.521494356593387010e+03 1.001322627067565918e+00
1.521515190490697478e+03 1.000202059745788574e+00
1.521536024385070505e+03 9.991164803504943848e-01
1.521556858276507683e+03 1.001154422760009766e+00
1.521577692165050166e+03 9.973118901252746582e-01
1.521598526050778446e+03 1.000326991081237793e+00
1.521619359933809847e+03 1.001263737678527832e+00
1.521640193814303302e+03 1.002343773841857910e+00
1.521661027692447988e+03 1.001729607582092285e+00
1.521681861568466502e+03 1.002083420753479004e+00
1.521702695442604409e+03 9.999935626983642578e-01
1.521723529315131373e+03 1.000908970832824707e+00
1.521744363186334567e+03 9.985496997833251953e-01
1.521765197056517763e+03 1.000073432922363281e+00
1.521786030925987916e+03 9.974023699760437012e-01
1.521806864795056981e+03 9.993265271186828613e-01
1.521827698664031232e+03 9.986944794654846191e-01
1.521848532533211483e+03 9.993802905082702637e-01
1.521869366402883770e+03 9.969548583030700684e-01
1.521911034144756741e+03 9.972228407859802246e-01
1.521931868017420584e+03 1.000086665153503418e+00
1.521952701891495053e+03 9.972167611122131348e-01
1.521973535767133399e+03 9.991055727005004883e-01
1.521994369644452945e+03 1.000768899917602539e+00
1.522015203523529181e+03 9.987748861312866211e-01
1.522036037404401213e+03 1.001748919486999512e+00
1.522056871287065405e+03 9.993421435356140137e-01
1.522077705171478783e+03 9.987376332283020020e-01
1.522098539057556309e+03 9.988117218017578125e-01
1.522119372945174291e+03 9.995357990264892578e-01
1.522140206834175842e+03 9.971593618392944336e-01
1.522161040724368604e+03 1.000597357749938965e+00
1.522181874615529750e+03 9.989602565765380859e-01
1.522202708507410534e+03 1.002187013626098633e+00
1.522223542399737653e+03 1.003293395042419434e+00
1.522244376292223478e+03 9.997113943099975586e-01
1.522265210184567195e+03 1.000687479972839355e+00
1.522286044076459348e+03 1.002022027969360352e+00
1.522306877967587752e+03 9.998691678047180176e-01
1.522327711857646136e+03 1.000771284103393555e+00
1.522348545746335958e+03 1.001058578491210938e+00
1.522369379633370727e+03 1.000475406646728516e+00
1.522390213518483051e+03 9.986522793769836426e-01
1.522411047401429869e+03 1.018243670463562012e+00
1.522431881281993810e+03 1.001893162727355957e+00
1.522452715159990476e+03 9.993855953216552734e-01
1.522473549035270935e+03 9.978684186935424805e-01
1.522494382907718546e+03 9.984058737754821777e-01
1.522515216777258956e+03 9.971960186958312988e-01
1.522536050643857379e+03 9.995809793472290039e-01
1.522556884507518816e+03 9.995706677436828613e-01
1.522577718368289879e+03 9.987232089042663574e-01
1.522598552226256515e+03 9.998321533203125000e-01
1.522619386081542871e+03 9.977332353591918945e-01
1.522640219934311062e+03 1.000210881233215332e+00
1.522661053784756859e+03 9.969283938407897949e-01
1.522681887633101951e+03 1.000099182128906250e+00
1.522702721479597358e+03 9.960522651672363281e-01
1.522723555324515246e+03 9.987971186637878418e-01
1.522744389168146654e+03 9.956959486007690430e-01
1.522765223010794671e+03 9.992924332618713379e-01
1.522786056852766251e+03 9.959867000579833984e-01
1.522806890694373806e+03 9.952980279922485352e-01
1.522827724535924517e+03 9.946942329406738281e-01
1.522848558377716699e+03 9.951675534248352051e-01
1.522869392220035024e+03 9.937524795532226562e-01
1.522890226063143928e+03 9.966120123863220215e-01
1.522911059907285335e+03 9.950469732284545898e-01
1.522931893752674114e+03 9.948674440383911133e-01
1.522952727599493983e+03 9.956691265106201172e-01
1.522973561447891598e+03 9.969413280487060547e-01
1.522994395297979054e+03 9.951490163803100586e-01
1.523015229149827746e+03 9.926596879959106445e-01
1.523036063003472464e+03 9.971083402633666992e-01
1.523056896858902974e+03 9.941715002059936523e-01
1.523077730716069254e+03 9.955198764801025391e-01
1.523098564574882403e+03 9.959647059440612793e-01
1.523119398435215089e+03 9.929027557373046875e-01
1.523140232296905197e+03 9.951153397560119629e-01
1.523161066159755819e+03 9.970499873161315918e-01
1.523181900023540720e+03 9.967544078826904297e-01
1.523202733888006378e+03 9.964302182197570801e-01
1.523223567752879944e+03 9.972165822982788086e-01
1.523244401617871745e+03 9.932285547256469727e-01
1.523265235482677099e+03 9.938322305679321289e-01
1.523286069346986324e+03 9.967531561851501465e-01
1.523306903210488827e+03 9.971024394035339355e-01
1.523327737072879245e+03 9.932013154029846191e-01
1.523348570933858809e+03 9.970449805259704590e-01
1.523369404793143758e+03 9.971417784690856934e-01
1.523390238650470565e+03 9.980135560035705566e-01
1.523411072505598895e+03 9.988399744033813477e-01
1.523431906358316382e+03 9.970276951789855957e-01
1.523452740208442265e+03 9.979196786880493164e-01
1.523473574055831023e+03 9.978549480438232422e-01
1.523494407900371471e+03 9.981216192245483398e-01
1.523515241741995169e+03 9.965830445289611816e-01
1.523536075580672559e+03 9.975997805595397949e-01
1.523556909416413873e+03 9.988961815834045410e-01
1.523577743249270952e+03 9.983624815940856934e-01
1.523598577079334973e+03 9.997411370277404785e-01
1.523619410906735311e+03 9.971003532409667969e-01
1.523661078554242977e+03 1.000296354293823242e+00
1.523681912374774811e+03 1.001257896423339844e+00
1.523702746193489475e+03 9.997443556785583496e-01
1.523723580010662317e+03 1.000352740287780762e+00
1.523744413826584832e+03 1.001099586486816406e+00
1.523765247641560109e+03 1.000537872314453125e+00
1.523786081455898284e+03 9.996517896652221680e-01
1.523806915269909041e+03 1.001103401184082031e+00
1.523827749083899789e+03 1.000203609466552734e+00
1.523848582898167706e+03 9.984236955642700195e-01
1.523869416712994735e+03 1.000788927078247070e+00
1.523890250528642127e+03 1.001372456550598145e+00
1.523911084345349991e+03 9.984848499298095703e-01
1.523952751982755444e+03 9.979459047317504883e-01
1.523973585803774995e+03 9.991094470024108887e-01
1.523994419626493254e+03 9.988179802894592285e-01
1.524015253450977298e+03 1.001709461212158203e+00
1.524036087277255092e+03 1.000833988189697266e+00
1.524056921105311176e+03 1.000213027000427246e+00
1.524077754935091662e+03 1.001978039741516113e+00
1.524098588766500825e+03 9.975529909133911133e-01
1.524119422599409518e+03 9.984619021415710449e-01
1.524140256433648801e+03 1.002010345458984375e+00
1.524161090269018359e+03 9.986185431480407715e-01
1.524181924105284907e+03 9.994942545890808105e-01
1.524202757942196513e+03 9.986813068389892578e-01
1.524223591779476465e+03 9.978611469268798828e-01
1.524265259453957242e+03 9.972059130668640137e-01
1.524286093290543931e+03 1.000656604766845703e+00
1.524306927126280925e+03 9.981979727745056152e-01
1.524327760960864225e+03 1.000372648239135742e+00
1.524348594793995062e+03 1.001229405403137207e+00
1.524369428625393084e+03 1.002895951271057129e+00
1.524390262454797494e+03 1.002488970756530762e+00
1.524411096281971140e+03 1.001361370086669922e+00
1.524431930106706204e+03 9.974619746208190918e-01
1.524452763928826016e+03 9.996215105056762695e-01
1.524473597748187331e+03 1.000702738761901855e+00
1.524494431564688057e+03 1.000344753265380859e+00
1.524515265378263393e+03 9.998774528503417969e-01
1.524536099188888556e+03 1.000996112823486328e+00
1.524556932996580372e+03 1.001821756362915039e+00
1.524577766801393636e+03 1.001415014266967773e+00
1.524598600603426576e+03 9.987483024597167969e-01
1.524619434402814932e+03 1.000337481498718262e+00
1.524640268199726506e+03 9.993238449096679688e-01
1.524661101994363889e+03 1.000357866287231445e+00
1.524681935786959230e+03 1.002787232398986816e+00
1.524702769577770141e+03 1.001008749008178711e+00
1.524723603367073110e+03 1.002120375633239746e+00
1.524744437155163268e+03 1.000142335891723633e+00
1.524765270942343250e+03 9.996922612190246582e-01
1.524786104728923874e+03 9.998132586479187012e-01
1.524806938515215961e+03 9.996551275253295898e-01
1.524827772301525556e+03 9.995629787445068359e-01
1.524848606088147335e+03 1.000708699226379395e+00
1.524869439875360513e+03 9.997725486755371094e-01
1.524890273663425432e+03 9.990893006324768066e-01
1.524911107452577426e+03 1.001606345176696777e+00
1.524931941243022948e+03 9.997755885124206543e-01
1.524952775034935257e+03 1.001586794853210449e+00
1.524973608828453507e+03 1.001050710678100586e+00
1.524994442623679333e+03 9.983116984367370605e-01
1.525015276420674809e+03 9.998953938484191895e-01
1.525036110219461989e+03 1.000006437301635742e+00
1.525056944020018591e+03 9.990835785865783691e-01
1.525077777822287771e+03 9.997218847274780273e-01
1.525098611626169486e+03 9.971811175346374512e-01
1.525119445431527083e+03 9.991207122802734375e-01
1.525140279238188441e+03 9.982671737670898438e-01
1.525161113045947786e+03 9.977722764015197754e-01
1.525181946854572061e+03 9.990798830986022949e-01
1.525202780663802741e+03 1.000694036483764648e+00
1.525223614473361749e+03 1.002649188041687012e+00
1.525244448282954181e+03 9.981766343116760254e-01
1.525265282092275356e+03 9.982190728187561035e-01
1.525286115901013545e+03 1.003879189491271973e+00
1.525306949708860657e+03 1.001421332359313965e+00
1.525327783515510646e+03 1.000417470932006836e+00
1.525348617320667927e+03 9.973694086074829102e-01
1.525369451124055331e+03 9.984717965126037598e-01
1.525390284925414335e+03 9.997085928916931152e-01
1.525411118724511653e+03 9.987544417381286621e-01
1.525431952521142421e+03 1.001249074935913086e+00
1.525452786315133835e+03 9.957662820816040039e-01
1.525473620106350609e+03 9.967678785324096680e-01
1.525494453894693152e+03 9.961885213851928711e-01
1.525515287680102347e+03 9.972054958343505859e-01
1.525536121462559322e+03 9.986084699630737305e-01
1.525556955242084769e+03 9.998132586479187012e-01
1.525577789018741214e+03 9.999213218688964844e-01
1.525598622792630522e+03 9.978378415107727051e-01
1.525619456563892300e+03 9.976046085357666016e-01
1.525640290332699578e+03 9.983584880828857422e-01
1.525661124099259951e+03 9.975622892379760742e-01
1.525681957863807611e+03 9.994851946830749512e-01
1.525702791626604949e+03 9.958854317665100098e-01
1.525723625387930269e+03 9.995391368865966797e-01
1.525744459148077340e+03 1.000446319580078125e+00
1.525765292907353569e+03 9.981128573417663574e-01
1.525786126666069322e+03 1.001403570175170898e+00
1.525806960424535873e+03 1.002102136611938477e+00
1.525827794183056540e+03 9.995530247688293457e-01
1.525848627941922587e+03 1.000775814056396484e+00
1.525869461701414821e+03 1.001173257827758789e+00
1.525890295461789037e+03 9.983519315719604492e-01
1.525911129223277385e+03 1.002637505531311035e+00
1.525931962986081317e+03 9.995862245559692383e-01
1.525952796750369089e+03 1.000275492668151855e+00
1.525973630516277808e+03 1.002719640731811523e+00
1.525994464283902289e+03 9.971123337745666504e-01
1.526015298053299148e+03 1.001088500022888184e+00
1.526036131824483846e+03 1.001810073852539062e+00
1.526056965597431827e+03 1.001795530319213867e+00
1.526077799372079653e+03 1.000600695610046387e+00
1.526098633148321824e+03 1.002338767051696777e+00
1.526119466926017367e+03 1.001124501228332520e+00
1.526140300704988249e+03 9.987620711326599121e-01
1.526161134485026651e+03 9.991896152496337891e-01
1.526181968265895648e+03 1.001094818115234375e+00
1.526202802047333989e+03 1.000152230262756348e+00
1.526223635829059504e+03 1.000193476676940918e+00
1.526244469610777060e+03 9.985027313232421875e-01
1.526265303392180385e+03 9.981162548065185547e-01
1.526286137172959570e+03 9.988478422164916992e-01
1.526306970952804249e+03 9.996049404144287109e-01
1.526327804731409742e+03 9.968683123588562012e-01
1.526348638508484328e+03 9.974504113197326660e-01
1.526369472283751293e+03 9.995871782302856445e-01
1.526390306056955524e+03 9.992905259132385254e-01
1.526411139827868510e+03 9.991729855537414551e-01
1.526431973596286980e+03 9.966772794723510742e-01
1.526452807362045405e+03 9.956547617912292480e-01
1.526473641125011000e+03 9.981467723846435547e-01
1.526494474885090312e+03 9.966383576393127441e-01
1.526515308642229911e+03 9.961225986480712891e-01
1.526536142396414789e+03 9.955213069915771484e-01
1.526556976147672913e+03 9.961608052253723145e-01
1.526577809896071358e+03 9.964706301689147949e-01
1.526598643641717217e+03 9.980506300926208496e-01
1.526619477384753964e+03 9.976305961608886719e-01
1.526640311125359631e+03 9.988197684288024902e-01
1.526661144863745449e+03 9.964780211448669434e-01
1.526681978600150615e+03 9.976209998130798340e-01
1.526702812334838654e+03 9.964233636856079102e-01
1.526723646068088101e+03 9.986389875411987305e-01
1.526744479800198405e+03 9.981013536453247070e-01
1.526786147262235090e+03 9.986687898635864258e-01
1.526806980992781519e+03 1.003225088119506836e+00
1.526827814723418442e+03 1.002061009407043457e+00
1.526848648454438035e+03 1.000290036201477051e+00
1.526890315918705710e+03 1.001687884330749512e+00
1.526911149652436052e+03 1.001072645187377930e+00
1.526931983387502896e+03 1.001251697540283203e+00
1.526952817124072681e+03 9.999198317527770996e-01
1.526973650862276600e+03 9.987540841102600098e-01
1.526994484602203784e+03 1.000684261322021484e+00
1.527015318343905619e+03 1.000934362411499023e+00
1.527036152087392111e+03 1.001151800155639648e+00
1.527056985832634609e+03 1.001893758773803711e+00
1.527077819579564675e+03 1.005521774291992188e+00
1.527098653328069304e+03 1.004597067832946777e+00
1.527119487078003431e+03 1.001570463180541992e+00
1.527140320829186294e+03 1.002353906631469727e+00
1.527161154581404844e+03 1.003335714340209961e+00
1.527181988334421021e+03 1.002587914466857910e+00
1.527202822087967661e+03 1.003632545471191406e+00
1.527223655841763048e+03 9.997196793556213379e-01
1.527244489595507957e+03 1.000526905059814453e+00
1.527265323348896800e+03 9.991452097892761230e-01
1.527286157101618301e+03 1.002318739891052246e+00
1.527306990853362095e+03 1.002601385116577148e+00
1.527327824603827139e+03 9.992105364799499512e-01
1.527348658352722623e+03 1.001860141754150391e+00
1.527369492099773197e+03 1.001911044120788574e+00
1.527390325844729205e+03 1.001586437225341797e+00
1.527411159587362363e+03 1.001628875732421875e+00
1.527431993327475539e+03 1.001954078674316406e+00
1.527452827064907524e+03 9.997869133949279785e-01
1.527473660799531672e+03 1.003375530242919922e+00
1.527494494531258624e+03 1.001123070716857910e+00
1.527515328260038586e+03 1.001875996589660645e+00
1.527536161985864283e+03 9.982615113258361816e-01
1.527556995708767545e+03 9.981086254119873047e-01
1.527577829428822270e+03 9.973738193511962891e-01
1.527598663146138506e+03 9.981573224067687988e-01
1.527619496860864501e+03 9.972521066665649414e-01
1.527640330573184883e+03 9.969468116760253906e-01
1.527661164283314065e+03 1.000592827796936035e+00
1.527681997991493290e+03 9.974471926689147949e-01
1.527702831697988358e+03 9.994614124298095703e-01
1.527723665403083942e+03 9.973862767219543457e-01
1.527744499107077672e+03 9.961389303207397461e-01
1.527765332810278778e+03 9.961982965469360352e-01
1.527786166512997625e+03 9.958305358886718750e-01
1.527807000215542530e+03 9.982548952102661133e-01
1.527827833918216356e+03 9.990046620368957520e-01
1.527848667621308550e+03 1.000312805175781250e+00
1.527869501325092187e+03 9.996579289436340332e-01
1.527890335029817379e+03 9.983469247817993164e-01
1.527911168735707861e+03 9.988244175910949707e-01
1.527932002442959629e+03 9.998878836631774902e-01
1.527952836151731162e+03 9.988503456115722656e-01
1.527973669862148654e+03 9.966095685958862305e-01
1.527994503574295550e+03 1.000702381134033203e+00
1.528015337288219143e+03 9.986243844032287598e-01
1.528036171003926711e+03 9.992260932922363281e-01
1.528057004721381418e+03 9.990491271018981934e-01
1.528077838440508913e+03 1.000362277030944824e+00
1.528098672161192553e+03 1.000666737556457520e+00
1.528119505883282045e+03 1.000097274780273438e+00
1.528140339606592079e+03 1.000954270362854004e+00
1.528161173330909151e+03 9.984459280967712402e-01
1.528182007055986560e+03 9.998657703399658203e-01
1.528202840781556688e+03 1.003047943115234375e+00
1.528223674507336227e+03 9.990534782409667969e-01
1.528244508233022998e+03 1.001382112503051758e+00
1.528265341958312774e+03 9.990226030349731445e-01
1.528286175682892690e+03 1.002274751663208008e+00
1.528307009406454199e+03 1.002555608749389648e+00
1.528327843128696259e+03 1.000984072685241699e+00
1.528348676849328513e+03 1.002637028694152832e+00
1.528369510568081751e+03 1.002140402793884277e+00
1.528390344284706771e+03 9.998993277549743652e-01
1.528411177998979610e+03 9.996568560600280762e-01
1.528432011710709503e+03 1.000869393348693848e+00
1.528452845419737287e+03 1.002470850944519043e+00
1.528473679125941544e+03 1.002706885337829590e+00
1.528494512829237692e+03 1.001501321792602539e+00
1.528515346529583894e+03 1.003797173500061035e+00
1.528536180226974921e+03 1.003369331359863281e+00
1.528557013921450107e+03 1.002205848693847656e+00
1.528577847613086306e+03 1.003589987754821777e+00
1.528598681302001296e+03 1.001919269561767578e+00
1.528619514988346509e+03 1.000490427017211914e+00
1.528640348672312484e+03 1.002376198768615723e+00
1.528661182354114089e+03 1.000161051750183105e+00
1.528682016033997570e+03 1.001318693161010742e+00
1.528702849712232592e+03 1.002188086509704590e+00
1.528723683389105872e+03 1.001620292663574219e+00
1.528744517064916863e+03 1.000837087631225586e+00
1.528765350739972746e+03 1.000128388404846191e+00
1.528786184414585023e+03 1.000668406486511230e+00
1.528807018089062922e+03 1.000097513198852539e+00
1.528827851763707031e+03 1.001204371452331543e+00
1.528848685438806115e+03 1.000009536743164062e+00
1.528869519114628019e+03 1.002895712852478027e+00
1.528890352791421265e+03 1.001903176307678223e+00
1.528911186469407312e+03 9.996383786201477051e-01
1.528932020148774427e+03 1.001435279846191406e+00
1.528952853829679043e+03 9.995308518409729004e-01
1.528973687512240986e+03 9.990324974060058594e-01
1.528994521196540973e+03 1.001123189926147461e+00
1.529015354882619249e+03 1.003171920776367188e+00
1.529036188570477179e+03 1.002070426940917969e+00
1.529057022260073381e+03 1.000950455665588379e+00
1.535015431960123124e+03 1.010306239128112793e+00
1.535307101318159312e+03 9.858791828155517578e-01
1.535327934841292745e+03 9.837854504585266113e-01
1.535348768362560804e+03 9.836127758026123047e-01
1.535369601881713152e+03 9.825815558433532715e-01
1.535390435398524005e+03 9.786788225173950195e-01
1.535411268912800551e+03 9.749292135238647461e-01
1.535432102424380446e+03 9.795856475830078125e-01
1.535452935933138178e+03 9.782814979553222656e-01
1.535473769438986665e+03 9.793986678123474121e-01
1.535494602941879975e+03 9.820762872695922852e-01
1.535515436441812881e+03 9.785700440406799316e-01
1.535536269938817213e+03 9.732846617698669434e-01
1.535557103432968006e+03 9.716922640800476074e-01
1.535577936924378491e+03 9.766706824302673340e-01
1.535598770413200327e+03 9.793673753738403320e-01
1.535619603899619278e+03 9.737550020217895508e-01
1.535640437383847939e+03 9.781089425086975098e-01
1.535682104346736651e+03 9.840092062950134277e-01
1.535702937825948311e+03 9.900034666061401367e-01
1.535723771304067213e+03 9.902121424674987793e-01
1.535744604781398039e+03 9.857358932495117188e-01
1.535765438258253198e+03 9.843484759330749512e-01
1.535786271734942147e+03 9.870495796203613281e-01
1.535827938689016491e+03 9.863107204437255859e-01
1.535848772166960771e+03 9.920666217803955078e-01
1.535869605645849788e+03 9.911703467369079590e-01
1.535890439125907278e+03 9.966487884521484375e-01
1.535911272607326737e+03 1.000272989273071289e+00
1.535932106090265279e+03 9.920368194580078125e-01
1.535952939574845459e+03 9.884148836135864258e-01
1.535973773061152315e+03 9.921635985374450684e-01
1.535994606549228820e+03 9.949539303779602051e-01
1.536015440039080659e+03 1.001256704330444336e+00
1.536036273530669405e+03 9.987180829048156738e-01
1.536057107023916387e+03 9.975630044937133789e-01
1.536077940518707237e+03 9.937695860862731934e-01
1.536098774014888704e+03 9.961293339729309082e-01
1.536119607512274115e+03 1.002139568328857422e+00
1.536140441010644281e+03 9.907762408256530762e-01
1.536161274509755913e+03 9.939690828323364258e-01
1.536223775008767007e+03 9.917121529579162598e-01
1.536286275503967090e+03 1.003397107124328613e+00
1.536411276451200820e+03 9.985492825508117676e-01
1.536432109933999072e+03 1.001072645187377930e+00
1.536452943413959247e+03 9.996204972267150879e-01
1.536494610365087283e+03 1.003245711326599121e+00
1.536515443836209670e+03 1.005958318710327148e+00
1.536536277304410987e+03 9.995270371437072754e-01
1.536577944232408299e+03 1.001082181930541992e+00
1.536598777692477142e+03 9.959582090377807617e-01
1.536619611150168112e+03 9.978101849555969238e-01
1.536661278059316373e+03 1.002728581428527832e+00
1.536682111511290714e+03 1.001286506652832031e+00
1.536702944961910362e+03 9.942097067832946777e-01
1.536723778411474768e+03 1.001662969589233398e+00
1.536744611860290888e+03 1.000837206840515137e+00
1.536765445308671588e+03 1.000562071800231934e+00
1.536786278756925640e+03 9.977619647979736328e-01
1.536807112205351814e+03 1.000388145446777344e+00
1.536827945654237055e+03 9.994068741798400879e-01
1.536848779103852394e+03 9.994273185729980469e-01
1.536869612554441574e+03 9.973231554031372070e-01
1.536890446006225602e+03 1.005218863487243652e+00
1.536911279459392972e+03 1.001862049102783203e+00
1.536932112914096024e+03 1.003223896026611328e+00
1.536952946370452764e+03 1.003450036048889160e+00
1.536973779828543002e+03 9.985762238502502441e-01
1.536994613288406526e+03 1.003356218338012695e+00
1.537015446750040155e+03 9.966002702713012695e-01
1.537036280213401142e+03 1.001493930816650391e+00
1.537057113678406722e+03 9.937836527824401855e-01
1.537077947144938662e+03 9.947030544281005859e-01
1.537098780612837118e+03 9.926285147666931152e-01
1.537119614081909731e+03 1.000574827194213867e+00
1.537140447551936404e+03 9.922983646392822266e-01
1.537161281022669527e+03 1.000300168991088867e+00
1.537182114493838071e+03 9.998233914375305176e-01
1.537202947965152134e+03 9.958760738372802734e-01
1.537223781436311583e+03 9.961761236190795898e-01
1.537244614907009009e+03 9.976297616958618164e-01
1.537265448376931545e+03 9.941352009773254395e-01
1.537286281845772010e+03 1.002407789230346680e+00
1.537307115313231179e+03 9.988771080970764160e-01
1.537327948779023473e+03 9.984912872314453125e-01
1.537348782242880361e+03 9.992052912712097168e-01
1.537369615704556963e+03 9.924756884574890137e-01
1.537390449163837047e+03 9.961403608322143555e-01
1.537411282620536213e+03 1.001081228256225586e+00
1.537432116074498026e+03 9.958597421646118164e-01
1.537452949525609256e+03 1.001496791839599609e+00
1.537473782973794187e+03 9.998125433921813965e-01
1.537494616419016211e+03 1.001830458641052246e+00
1.537515449861278512e+03 1.001628279685974121e+00
1.537536283300626565e+03 1.007897138595581055e+00
1.537557116737145407e+03 1.007220506668090820e+00
1.537577950170959639e+03 1.003129959106445312e+00
1.537598783602227513e+03 1.002708077430725098e+00
1.537619617031141161e+03 1.008199453353881836e+00
1.537640450457925908e+03 1.004985809326171875e+00
1.537661283882830048e+03 1.004234194755554199e+00
1.537682117306128703e+03 1.003303647041320801e+00
1.537702950728108817e+03 1.004608631134033203e+00
1.537723784149071889e+03 9.996616244316101074e-01
1.537744617569326920e+03 9.973262548446655273e-01
1.537765450989187457e+03 1.001371145248413086e+00
1.537786284408959091e+03 9.992160797119140625e-01
1.537807117828939909e+03 1.002989411354064941e+00
1.537827951249415491e+03 1.000655770301818848e+00
1.537869618092895507e+03 1.000596880912780762e+00
1.537890451516358098e+03 9.942623376846313477e-01
1.537911284941222448e+03 1.000460028648376465e+00
1.537932118367640442e+03 1.003036022186279297e+00
1.537952951795724175e+03 9.984470009803771973e-01
1.537973785225549364e+03 1.002281785011291504e+00
1.537994618657147612e+03 1.005952954292297363e+00
1.538015452090510507e+03 9.997150301933288574e-01
1.538036285525591893e+03 1.001148223876953125e+00
1.538057118962304003e+03 1.000794053077697754e+00
1.538077952400521781e+03 9.954004883766174316e-01
1.538098785840081518e+03 1.003491520881652832e+00
1.538119619280787674e+03 9.981455802917480469e-01
1.538140452722415830e+03 9.966311454772949219e-01
1.538161286164715193e+03 9.982928633689880371e-01
1.538182119607411778e+03 9.950883388519287109e-01
1.538202953050215001e+03 9.936836361885070801e-01
1.538223786492822001e+03 1.000103116035461426e+00
1.538244619934923548e+03 1.003849506378173828e+00
1.538265453376209734e+03 9.989551901817321777e-01
1.538286286816374286e+03 9.975528120994567871e-01
1.538307120255117070e+03 1.004470348358154297e+00
1.538327953692155688e+03 1.003654599189758301e+00
1.538348787127223886e+03 9.944538474082946777e-01
1.538369620560082467e+03 1.005288720130920410e+00
1.538390453990516335e+03 1.005739569664001465e+00
1.538411287418344045e+03 1.001786589622497559e+00
1.538432120843418943e+03 1.002624630928039551e+00
1.538452954265631433e+03 1.004352092742919922e+00
1.538473787684906711e+03 9.960390925407409668e-01
1.538494621101216126e+03 1.002823710441589355e+00
1.538515454514569456e+03 1.002776026725769043e+00
1.538536287925016495e+03 1.003979444503784180e+00
1.538557121332648421e+03 9.970219731330871582e-01
1.538577954737592790e+03 9.966410398483276367e-01
1.538598788140012175e+03 9.987572431564331055e-01
1.538619621540105300e+03 9.992994666099548340e-01
1.538640454938099083e+03 9.991103410720825195e-01
1.538661288334247047e+03 9.971950054168701172e-01
1.538682121728825450e+03 9.981039762496948242e-01
1.538702955122121921e+03 9.941198229789733887e-01
1.538723788514441139e+03 9.987314939498901367e-01
1.538744621906093244e+03 9.910274147987365723e-01
1.538765455297389053e+03 9.977729916572570801e-01
1.538786288688633931e+03 9.960224628448486328e-01
1.538807122080126874e+03 9.970858693122863770e-01
1.538827955472150961e+03 9.975789785385131836e-01
1.538848788864968583e+03 1.000842094421386719e+00
1.538869622258819390e+03 1.004462242126464844e+00
1.538890455653913932e+03 9.982235431671142578e-01
1.538911289050432515e+03 1.003286480903625488e+00
1.538932122448520886e+03 9.968192577362060547e-01
1.538952955848286365e+03 9.967633485794067383e-01
1.538994622653083752e+03 9.963563084602355957e-01
1.539015456058129303e+03 9.950292706489562988e-01
1.539036289464883339e+03 9.943328499794006348e-01
1.539057122873252865e+03 9.883664250373840332e-01
1.539077956283107369e+03 9.928159117698669434e-01
1.539098789694278366e+03 9.996753931045532227e-01
1.539119623106568497e+03 9.963939189910888672e-01
1.539140456519749478e+03 9.952607154846191406e-01
1.539161289933564831e+03 1.000150918960571289e+00
1.539182123347738752e+03 9.963376522064208984e-01
1.539202956761978612e+03 1.005522131919860840e+00
1.539223790175982231e+03 1.009296059608459473e+00
1.539244623589439243e+03 1.006554722785949707e+00
1.539265457002039966e+03 1.000922441482543945e+00
1.539286290413476763e+03 1.003665685653686523e+00
1.539307123823452912e+03 1.007610678672790527e+00
1.539327957231688515e+03 1.002844929695129395e+00
1.539348790637922320e+03 1.002110838890075684e+00
1.539369624041913312e+03 1.000391364097595215e+00
1.539390457443453442e+03 1.001501917839050293e+00
1.539411290842365588e+03 1.005375981330871582e+00
1.539432124238507868e+03 1.007221817970275879e+00
1.539452957631773415e+03 1.007040977478027344e+00
1.539473791022095838e+03 1.003838658332824707e+00
1.539494624409450807e+03 1.002105951309204102e+00
1.539515457793852420e+03 1.004727721214294434e+00
1.539536291175358656e+03 1.007313013076782227e+00
1.539557124554062057e+03 9.972147345542907715e-01
1.539577957930095408e+03 1.001919031143188477e+00
1.539598791303628559e+03 1.002221465110778809e+00
1.539619624674862280e+03 1.000617384910583496e+00
1.539640458044028719e+03 1.000820040702819824e+00
1.539661291411383218e+03 9.987913966178894043e-01
1.539702958141778936e+03 9.992879629135131836e-01
1.539723791505418603e+03 1.002227544784545898e+00
1.539744624868431174e+03 9.999258518218994141e-01
1.539765458231127241e+03 9.934875369071960449e-01
1.539786291593811711e+03 9.945276379585266113e-01
1.539807124956781536e+03 9.947281479835510254e-01
1.539827958320316611e+03 9.955321550369262695e-01
1.539848791684677281e+03 9.986274242401123047e-01
1.539869625050099330e+03 9.945356249809265137e-01
1.539890458416790580e+03 9.957780838012695312e-01
1.539911291784926789e+03 9.951318502426147461e-01
1.539932125154648475e+03 9.969851374626159668e-01
1.539952958526056818e+03 9.947181940078735352e-01
1.539973791899215712e+03 9.958446621894836426e-01
1.539994625274148575e+03 1.001062750816345215e+00
1.540015458650836990e+03 9.956765174865722656e-01
1.540036292029223659e+03 9.972136616706848145e-01
1.540057125409210585e+03 9.976546764373779297e-01
1.540077958790659977e+03 9.973123669624328613e-01
1.540098792173403126e+03 9.940787553787231445e-01
1.540119625557236532e+03 1.001570224761962891e+00
1.540140458941926454e+03 1.003089547157287598e+00
1.540161292327214142e+03 9.956362843513488770e-01
1.540182125712822653e+03 9.942780137062072754e-01
1.540202959098458678e+03 1.001598477363586426e+00
1.540223792483817306e+03 9.965623021125793457e-01
1.540244625868587946e+03 9.982529282569885254e-01
1.540265459252459550e+03 9.991390109062194824e-01
1.540286292635127666e+03 9.980905652046203613e-01
1.540307126016297389e+03 1.002004742622375488e+00
1.540327959395691096e+03 1.002107501029968262e+00
1.540348792773047080e+03 1.000434637069702148e+00
1.540369626148131829e+03 9.964854121208190918e-01
1.540390459520740251e+03 9.947205781936645508e-01
1.540411292890699315e+03 1.001523017883300781e+00
1.540432126257871914e+03 9.978004693984985352e-01
1.540452959622155731e+03 9.955411553382873535e-01
1.540473792983491194e+03 9.970182180404663086e-01
1.540494626341857838e+03 9.983503222465515137e-01
1.540515459697275901e+03 9.981946945190429688e-01
1.540536293049807000e+03 9.942025542259216309e-01
1.540557126399550043e+03 9.976296424865722656e-01
1.540577959746642819e+03 9.989583492279052734e-01
1.540598793091259267e+03 9.996002912521362305e-01
1.540619626433606754e+03 1.002511382102966309e+00
1.540640459773916291e+03 1.002457141876220703e+00
1.540661293112448448e+03 1.000909328460693359e+00
1.540682126449482666e+03 1.000807046890258789e+00
1.540702959785313851e+03 1.004296302795410156e+00
1.540723793120248274e+03 1.006904721260070801e+00
1.540744626454594709e+03 1.001333117485046387e+00
1.540765459788664202e+03 9.999071359634399414e-01
1.540786293122761435e+03 1.000586271286010742e+00
1.540807126457181994e+03 1.003841996192932129e+00
1.540827959792201455e+03 1.004083037376403809e+00
1.540848793128078341e+03 9.988421201705932617e-01
1.540869626465045712e+03 9.965454339981079102e-01
1.540890459803307067e+03 1.000134706497192383e+00
1.540911293143032935e+03 9.973346590995788574e-01
1.540932126484359060e+03 9.990587234497070312e-01
1.540952959827382301e+03 1.003001451492309570e+00
1.540973793172161550e+03 9.966403841972351074e-01
1.540994626518713403e+03 9.970022439956665039e-01
1.541015459867016034e+03 9.974663257598876953e-01
1.541036293217005323e+03 1.002397418022155762e+00
1.541057126568576678e+03 9.997162222862243652e-01
1.541077959921592083e+03 9.984278678894042969e-01
1.541098793275875096e+03 1.010118007659912109e+00
1.541119626631218580e+03 9.955031871795654297e-01
1.541140459987384929e+03 1.001033425331115723e+00
1.541161293344114938e+03 9.990414977073669434e-01
1.541182126701126890e+03 9.972640275955200195e-01
1.541202960058127474e+03 9.997186064720153809e-01
1.541223793414809279e+03 1.000881433486938477e+00
1.541244626770860805e+03 1.002350807189941406e+00
1.541265460125973277e+03 1.001763224601745605e+00
1.541286293479842925e+03 9.994155764579772949e-01
1.541307126832176436e+03 1.004027962684631348e+00
1.541327960182697097e+03 9.985263943672180176e-01
1.541348793531147521e+03 9.958329796791076660e-01
1.541369626877298742e+03 9.964235424995422363e-01
1.541390460220947944e+03 1.000465512275695801e+00
1.541411293561928005e+03 9.978619813919067383e-01
1.541432126900104777e+03 1.001534342765808105e+00
1.541452960235382534e+03 1.000420570373535156e+00
1.541473793567706934e+03 1.003444910049438477e+00
1.541494626897062517e+03 9.966189265251159668e-01
1.541515460223475202e+03 1.002799034118652344e+00
1.541536293547010246e+03 1.002955675125122070e+00
1.541557126867772922e+03 1.003717422485351562e+00
1.541577960185906932e+03 9.983349442481994629e-01
1.541598793501590080e+03 1.003878116607666016e+00
1.541619626815030642e+03 9.984610080718994141e-01
1.541640460126465541e+03 1.000859498977661133e+00
1.541661293436159895e+03 1.003838896751403809e+00
1.541682126744393599e+03 1.012095332145690918e+00
1.541702960051463833e+03 1.008982181549072266e+00
1.541723793357677096e+03 1.000843048095703125e+00
1.541744626663342615e+03 1.004953145980834961e+00
1.541765459968771665e+03 1.002340912818908691e+00
1.541786293274267791e+03 1.004479885101318359e+00
1.541807126580123622e+03 1.002651691436767578e+00
1.541827959886612916e+03 1.000179648399353027e+00
1.541848793193992151e+03 9.971979260444641113e-01
1.541869626502489609e+03 1.005326747894287109e+00
1.541890459812305608e+03 1.001326322555541992e+00
1.541911293123605446e+03 1.001931071281433105e+00
1.541932126436518502e+03 1.008638620376586914e+00
1.541952959751139360e+03 1.001258134841918945e+00
1.541973793067520774e+03 1.004026293754577637e+00
1.541994626385675019e+03 1.004025936126708984e+00
