1.491682918803473967e+03 9.869552850723266602e-01
1.491703752937381978e+03 9.839982986450195312e-01
1.491724587070839334e+03 9.895507693290710449e-01
1.491745421203885371e+03 9.883181452751159668e-01
1.491766255336386166e+03 9.805430769920349121e-01
1.491787089468392423e+03 9.900367856025695801e-01
1.491807923599773630e+03 9.900368452072143555e-01
1.491828757730587313e+03 9.913229346275329590e-01
1.491849591860705686e+03 1.004170536994934082e+00
1.491870425990194462e+03 9.905852675437927246e-01
1.491891260118928358e+03 1.001179218292236328e+00
1.491912094246978995e+03 1.004548311233520508e+00
1.491932928374224502e+03 1.001860499382019043e+00
1.491953762500738776e+03 9.975225925445556641e-01
1.491974596626402445e+03 1.001373171806335449e+00
1.491995430751295999e+03 1.003048419952392578e+00
1.492016264875302340e+03 1.004891872406005859e+00
1.492037098998501733e+03 1.009264588356018066e+00
1.492057933120779808e+03 1.001915216445922852e+00
1.492078767242221602e+03 1.005643844604492188e+00
1.492099601362712065e+03 9.983506798744201660e-01
1.492120435482341691e+03 1.002264499664306641e+00
1.492141269600994747e+03 9.980716705322265625e-01
1.492162103718764456e+03 9.989246129989624023e-01
1.492182937835536904e+03 9.995732903480529785e-01
1.492203771951405542e+03 1.006754040718078613e+00
1.492224606066257138e+03 1.006701469421386719e+00
1.492245440180188780e+03 1.001922249794006348e+00
1.492266274293088372e+03 9.991148710250854492e-01
1.492287108405052322e+03 9.990705251693725586e-01
1.492307942515968989e+03 9.995166063308715820e-01
1.492328776625938417e+03 1.003518819808959961e+00
1.492349610734849648e+03 9.999002218246459961e-01
1.492370444842801362e+03 1.000686168670654297e+00
1.492391278949683510e+03 9.936419725418090820e-01
1.492412113055597729e+03 1.001335024833679199e+00
1.492432947160433287e+03 9.939472079277038574e-01
1.492453781264295003e+03 9.954232573509216309e-01
1.492474615367068054e+03 1.001871943473815918e+00
1.492495449468858396e+03 1.000469803810119629e+00
1.492516283569556663e+03 1.003142952919006348e+00
1.492537117669264944e+03 9.971542954444885254e-01
1.492557951767874329e+03 1.002598285675048828e+00
1.492578785865491909e+03 1.001399159431457520e+00
1.492599619962002862e+03 1.004482746124267578e+00
1.492620454057517463e+03 1.011277079582214355e+00
1.492641288151922708e+03 1.002935290336608887e+00
1.492682956337619999e+03 1.003923416137695312e+00
1.492703790428910452e+03 1.008261442184448242e+00
1.492745458608252420e+03 1.006269931793212891e+00
1.492766292696302344e+03 9.983021616935729980e-01
1.492787126783346139e+03 1.005602955818176270e+00
1.492807960869269209e+03 1.004105806350708008e+00
1.492828794954183195e+03 9.998152256011962891e-01
1.492849629037976001e+03 9.986420273780822754e-01
1.492870463120759268e+03 1.001883506774902344e+00
1.492891297202419764e+03 1.012573957443237305e+00
1.492912131283068447e+03 1.011148333549499512e+00
1.492932965362594587e+03 9.996110200881958008e-01
1.492953799441110732e+03 1.006053924560546875e+00
1.492974633518501378e+03 1.006879210472106934e+00
1.492995467594879756e+03 9.981543421745300293e-01
1.493016301670134453e+03 1.011104345321655273e+00
1.493037135744377565e+03 1.000772356986999512e+00
1.493078803889602568e+03 9.945001602172851562e-01
1.493120472030556130e+03 9.952835440635681152e-01
1.493162140167238476e+03 9.968799948692321777e-01
1.493182974233950972e+03 9.949268698692321777e-01
1.493203808299652792e+03 9.958641529083251953e-01
1.493224642364230704e+03 9.983649253845214844e-01
1.493245476427799304e+03 9.944610595703125000e-01
1.493266310490246042e+03 1.002825140953063965e+00
1.493287144551682104e+03 1.002722501754760742e+00
1.493307978611997669e+03 1.005429267883300781e+00
1.493328812671304604e+03 9.988254904747009277e-01
1.493349646729491042e+03 1.003049612045288086e+00
1.493370480786668168e+03 9.998800754547119141e-01
1.493391314842727070e+03 1.007997155189514160e+00
1.493412148897778934e+03 1.003990173339843750e+00
1.493432982951712120e+03 1.005046963691711426e+00
1.493453817004638267e+03 1.007819294929504395e+00
1.493474651056447783e+03 1.006301164627075195e+00
1.493495485107252989e+03 1.001191020011901855e+00
1.493516319156941108e+03 1.001072645187377930e+00
1.493537153205624008e+03 1.005654692649841309e+00
1.493557987253194597e+03 1.001719951629638672e+00
1.493578821299757919e+03 1.002439975738525391e+00
1.493599655345210067e+03 1.007335543632507324e+00
1.493620489389657678e+03 9.998540282249450684e-01
1.493641323432995705e+03 1.000329017639160156e+00
1.493662157475328058e+03 1.003135085105895996e+00
1.493682991516553784e+03 9.987756609916687012e-01
1.493703825556775428e+03 9.980244636535644531e-01
1.493724659595889534e+03 1.007673859596252441e+00
1.493745493634002969e+03 9.973794817924499512e-01
1.493766327671009094e+03 9.976385235786437988e-01
1.493787161707014548e+03 9.979993104934692383e-01
1.493807995741914965e+03 9.989045262336730957e-01
1.493828829775815848e+03 1.000212669372558594e+00
1.493849663808613741e+03 1.000360846519470215e+00
1.493870497840412327e+03 9.949060082435607910e-01
1.493891331871108150e+03 9.950928688049316406e-01
1.493912165900806940e+03 9.930227994918823242e-01
1.493932999929404787e+03 1.000778913497924805e+00
1.493953833957005827e+03 1.001982092857360840e+00
1.493974667983506379e+03 1.001461744308471680e+00
1.493995502009011943e+03 1.005088567733764648e+00
1.494016336033418384e+03 1.000171542167663574e+00
1.494037170056831883e+03 9.989832639694213867e-01
1.494058004079146713e+03 9.992167949676513672e-01
1.494078838100468374e+03 1.002612590789794922e+00
1.494099672120693413e+03 1.002508521080017090e+00
1.494120506139928466e+03 1.004855394363403320e+00
1.494141340158065987e+03 9.987238645553588867e-01
1.494162174175213067e+03 1.002450466156005859e+00
1.494183008191266254e+03 1.004372715950012207e+00
1.494203842206328773e+03 1.004412889480590820e+00
1.494224676220298306e+03 1.008390307426452637e+00
1.494245510233278537e+03 1.004581093788146973e+00
1.494266344245167147e+03 9.994353055953979492e-01
1.494287178256068728e+03 1.000186920166015625e+00
1.494308012265878233e+03 1.009092569351196289e+00
1.494328846274700936e+03 1.006223559379577637e+00
1.494349680282433610e+03 9.997956752777099609e-01
1.494370514289180619e+03 1.006767153739929199e+00
1.494391348294839418e+03 1.011049628257751465e+00
1.494412182299512324e+03 1.003877758979797363e+00
1.494433016303097475e+03 1.003787755966186523e+00
1.494453850305698779e+03 1.002023220062255859e+00
1.494474684307213920e+03 1.001093983650207520e+00
1.494495518307745897e+03 9.964268207550048828e-01
1.494516352307189891e+03 9.997192621231079102e-01
1.494537186305653904e+03 9.980763792991638184e-01
1.494558020303030617e+03 1.000699996948242188e+00
1.494578854299429167e+03 1.002055168151855469e+00
1.494599688294740872e+03 1.001333713531494141e+00
1.494620522289073733e+03 1.002918839454650879e+00
1.494641356282321567e+03 9.995328783988952637e-01
1.494662190274592604e+03 9.989469051361083984e-01
1.494683024265778613e+03 9.965920448303222656e-01
1.494703858255987598e+03 9.993700981140136719e-01
1.494724692245112919e+03 1.001684784889221191e+00
1.494745526233263263e+03 9.962171912193298340e-01
1.494766360220330171e+03 9.969533681869506836e-01
1.494787194206421646e+03 1.003120660781860352e+00
1.494849696158421239e+03 1.005225181579589844e+00
1.494870530140400888e+03 1.004581689834594727e+00
1.494891364121300967e+03 1.004410624504089355e+00
1.494912198101227432e+03 1.001383662223815918e+00
1.494933032080076373e+03 1.005540847778320312e+00
1.494953866057950790e+03 1.011178255081176758e+00
1.494974700034746320e+03 1.006173014640808105e+00
1.494995534010570736e+03 1.000734090805053711e+00
1.495016367985316492e+03 1.002138972282409668e+00
1.495037201959090680e+03 1.002512574195861816e+00
1.495058035931787117e+03 1.001272439956665039e+00
1.495078869903513123e+03 1.004297614097595215e+00
1.495099703874163197e+03 1.003372073173522949e+00
1.495120537843842158e+03 1.002544522285461426e+00
1.495141371812444731e+03 1.000774979591369629e+00
1.495162205780077784e+03 1.001218080520629883e+00
1.495183039746634904e+03 1.001397967338562012e+00
1.495203873712224095e+03 1.000363826751708984e+00
1.495224707676737353e+03 9.959862232208251953e-01
1.495245541640281999e+03 1.000198960304260254e+00
1.495266375602751850e+03 1.003097534179687500e+00
1.495287209564254681e+03 9.930040240287780762e-01
1.495308043524682489e+03 1.000890254974365234e+00
1.495328877484142595e+03 9.888970255851745605e-01
1.495349711442529042e+03 1.001146316528320312e+00
1.495370545399949151e+03 1.000537157058715820e+00
1.495391379356295602e+03 1.000322103500366211e+00
1.495412213311674577e+03 9.966234564781188965e-01
1.495433047265981259e+03 9.996286630630493164e-01
1.495453881219321602e+03 9.994359016418457031e-01
1.495474715171591470e+03 1.001109719276428223e+00
1.495495549122892044e+03 1.001114487648010254e+00
1.495516383073123052e+03 1.001485943794250488e+00
1.495537217022386358e+03 1.001080393791198730e+00
1.495558050970581007e+03 1.003798723220825195e+00
1.495578884917807045e+03 9.974806308746337891e-01
1.495599718863964199e+03 1.006982922554016113e+00
1.495620552809153878e+03 1.010246753692626953e+00
1.495641386753276265e+03 1.004656195640563965e+00
1.495662220696430268e+03 1.002652883529663086e+00
1.495683054638515841e+03 1.003816604614257812e+00
1.495703888579634850e+03 1.004159212112426758e+00
1.495724722519685656e+03 1.001225590705871582e+00
1.495745556458770807e+03 1.000185012817382812e+00
1.495766390396787074e+03 1.006121158599853516e+00
1.495787224333837230e+03 1.007940411567687988e+00
1.495808058269819412e+03 1.007594823837280273e+00
1.495828892204835938e+03 1.002664923667907715e+00
1.495849726138785400e+03 1.000820279121398926e+00
1.495870560071768068e+03 1.002059221267700195e+00
1.495891394003683445e+03 1.000061154365539551e+00
1.495912227934632938e+03 9.996515512466430664e-01
1.495933061864516276e+03 1.001337051391601562e+00
1.495953895793433048e+03 9.976236224174499512e-01
1.495974729721282529e+03 9.940719604492187500e-01
1.495995563648166581e+03 9.938232898712158203e-01
1.496016397573983568e+03 1.001564502716064453e+00
1.496037231498836263e+03 1.000125527381896973e+00
1.496058065422620757e+03 9.966198801994323730e-01
1.496078899345440050e+03 9.998664855957031250e-01
1.496099733267192278e+03 9.957278370857238770e-01
1.496120567187979077e+03 9.988312125205993652e-01
1.496141401107700403e+03 9.974154829978942871e-01
1.496162235026454937e+03 1.001599073410034180e+00
1.496183068944142860e+03 9.968201518058776855e-01
1.496203902860865355e+03 1.004634022712707520e+00
1.496224736776522150e+03 9.981222152709960938e-01
1.496245570691212379e+03 9.954196810722351074e-01
1.496266404604835543e+03 1.000637650489807129e+00
1.496287238517493506e+03 9.993654489517211914e-01
1.496308072429084405e+03 1.000400900840759277e+00
1.496328906339710784e+03 9.986751079559326172e-01
1.496349740249269189e+03 1.000044584274291992e+00
1.496370574157861711e+03 1.002427101135253906e+00
1.496391408065387168e+03 1.006964802742004395e+00
1.496412241971946969e+03 1.003849864006042480e+00
1.496433075877440615e+03 1.003317475318908691e+00
1.496453909781968150e+03 1.003009080886840820e+00
1.496474743685426347e+03 1.007070660591125488e+00
1.496495577587921616e+03 1.001643538475036621e+00
1.496516411489346183e+03 9.998530149459838867e-01
1.496537245389806230e+03 1.000771284103393555e+00
1.496558079289196712e+03 1.001286387443542480e+00
1.496578913187623812e+03 1.000884890556335449e+00
1.496599747084978844e+03 1.002510905265808105e+00
1.496620580981371177e+03 9.988245368003845215e-01
1.496641414876692124e+03 9.999147653579711914e-01
1.496662248771048326e+03 1.001277804374694824e+00
1.496683082664333824e+03 9.969775676727294922e-01
1.496703916556655258e+03 1.005001902580261230e+00
1.496724750447904626e+03 9.971131086349487305e-01
1.496745584338188792e+03 1.001778125762939453e+00
1.496766418227401573e+03 9.992713332176208496e-01
1.496787252115649608e+03 9.964878559112548828e-01
1.496808086002824894e+03 9.990453720092773438e-01
1.496828919889034523e+03 9.976333975791931152e-01
1.496849753774172086e+03 1.001276016235351562e+00
1.496870587658344220e+03 9.951987862586975098e-01
1.496891421541441787e+03 1.000882863998413086e+00
1.496912255423574834e+03 1.001736879348754883e+00
1.496933089304633995e+03 1.007871985435485840e+00
1.496953923184725909e+03 1.016325473785400391e+00
1.496974757063744619e+03 1.002399921417236328e+00
1.496995590941796991e+03 1.001028656959533691e+00
1.497016424818774112e+03 1.002847313880920410e+00
1.497037258694783759e+03 9.968971014022827148e-01
1.497058092569719065e+03 1.001898765563964844e+00
1.497078926443686896e+03 1.000699281692504883e+00
1.497099760316621314e+03 1.003146529197692871e+00
1.497120594188625546e+03 1.002722263336181641e+00
1.497141428059512009e+03 1.003119349479675293e+00
1.497162261929391434e+03 1.003112316131591797e+00
1.497183095798193790e+03 1.010726690292358398e+00
1.497203929666026625e+03 9.998030066490173340e-01
1.497224763532782845e+03 1.003717184066772461e+00
1.497245597398568407e+03 1.003838419914245605e+00
1.497266431263278037e+03 1.000798106193542480e+00
1.497287265127015644e+03 1.000551939010620117e+00
1.497308098989675045e+03 9.982249140739440918e-01
1.497328932851363106e+03 1.000331044197082520e+00
1.497349766711972734e+03 9.992253780364990234e-01
1.497370600571611249e+03 1.001456618309020996e+00
1.497391434430170193e+03 1.001408338546752930e+00
1.497412268287754387e+03 1.004272818565368652e+00
1.497433102144261511e+03 1.002815723419189453e+00
1.497453935999792520e+03 1.004033803939819336e+00
1.497474769854244641e+03 1.000399827957153320e+00
1.497495603707720420e+03 9.965102672576904297e-01
1.497516437560116628e+03 9.998993873596191406e-01
1.497537271411536040e+03 9.986052513122558594e-01
1.497558105261876108e+03 9.995226263999938965e-01
1.497578939111237560e+03 1.016804099082946777e+00
1.497599772959517850e+03 1.001479864120483398e+00
1.497620606806819524e+03 1.001891374588012695e+00
1.497641440653040263e+03 9.976035356521606445e-01
1.497662274498281022e+03 9.997907280921936035e-01
1.497683108342438800e+03 1.001135826110839844e+00
1.497703942185616370e+03 9.981682896614074707e-01
1.497724776027710959e+03 9.980472922325134277e-01
1.497745609868824204e+03 9.993407726287841797e-01
1.497766443708852194e+03 1.003454923629760742e+00
1.497787277547898611e+03 9.986833930015563965e-01
1.497808111385859092e+03 1.000293612480163574e+00
1.497828945222838229e+03 1.004267692565917969e+00
1.497849779058729155e+03 1.005989551544189453e+00
1.497870612893636917e+03 1.001735448837280273e+00
1.497891446727456696e+03 1.007843971252441406e+00
1.497912280560291947e+03 1.001831293106079102e+00
1.497953948222800364e+03 1.007494926452636719e+00
1.497974782052471255e+03 1.001804709434509277e+00
1.497995615881155800e+03 9.972517490386962891e-01
1.498016449708749860e+03 9.951614737510681152e-01
1.498037283535355982e+03 1.008577108383178711e+00
1.498058117360868209e+03 1.001254439353942871e+00
1.498078951185393407e+03 9.990099072456359863e-01
1.498099785008824711e+03 1.002796411514282227e+00
1.498120618831266711e+03 9.981254339218139648e-01
1.498141452652614589e+03 1.005426883697509766e+00
1.498162286472970891e+03 9.952173233032226562e-01
1.498183120292231251e+03 9.980675578117370605e-01
1.498203954110499808e+03 9.937709569931030273e-01
1.498224787927670832e+03 9.967708587646484375e-01
1.498245621743849142e+03 1.001185536384582520e+00
1.498266455558929465e+03 9.996069669723510742e-01
1.498287289373014801e+03 9.950134158134460449e-01
1.498308123185999648e+03 9.957530498504638672e-01
1.498328956997989508e+03 1.002173781394958496e+00
1.498349790808878652e+03 1.002979159355163574e+00
1.498370624618771444e+03 9.965393543243408203e-01
1.498391458427558746e+03 1.000761270523071289e+00
1.498412292235351742e+03 9.967293143272399902e-01
1.498433126042036747e+03 1.001703977584838867e+00
1.498453959847724946e+03 1.004618048667907715e+00
1.498474793652304697e+03 1.002670168876647949e+00
1.498495627455886279e+03 1.001221895217895508e+00
1.498516461258359186e+03 9.996503591537475586e-01
1.498537295059830967e+03 1.002168297767639160e+00
1.498558128860191573e+03 1.007716417312622070e+00
1.498578962659551053e+03 1.002373337745666504e+00
1.498599796457797538e+03 1.003428101539611816e+00
1.498620630255042215e+03 1.001885771751403809e+00
1.498641464051171397e+03 1.006043076515197754e+00
1.498662297846296269e+03 1.002869486808776855e+00
1.498683131640304964e+03 9.976956248283386230e-01
1.498703965433308667e+03 1.003442645072937012e+00
1.498724799225193919e+03 1.002685785293579102e+00
1.498745633016071224e+03 1.000439882278442383e+00
1.498766466805828031e+03 9.988700747489929199e-01
1.498787300594576664e+03 1.005254626274108887e+00
1.498808134382203662e+03 1.006909608840942383e+00
1.498828968168821120e+03 1.005663871765136719e+00
1.498849801954314216e+03 1.003321647644042969e+00
1.498870635738794590e+03 9.969694018363952637e-01
1.498891469522149919e+03 9.980790019035339355e-01
1.498912303304491843e+03 9.985703825950622559e-01
1.498933137085704629e+03 9.918018579483032227e-01
1.498953970865903329e+03 9.979397654533386230e-01
1.498974804644971982e+03 9.952548146247863770e-01
1.498995638423022683e+03 9.968804717063903809e-01
1.499016472199941973e+03 9.983515143394470215e-01
1.499037305975842628e+03 9.952076673507690430e-01
1.499058139750609143e+03 9.993916153907775879e-01
1.499078973524353614e+03 9.959493279457092285e-01
1.499099807296968493e+03 9.993724822998046875e-01
1.499120641068565646e+03 9.981176257133483887e-01
1.499141474839018883e+03 1.000355839729309082e+00
1.499162308608441208e+03 9.938812255859375000e-01
1.499183142376723936e+03 9.965205788612365723e-01
1.499203976143980071e+03 9.963504076004028320e-01
1.499224809910091608e+03 9.997088909149169922e-01
1.499245643675175643e+03 1.002475738525390625e+00
1.499266477439113942e+03 1.002650856971740723e+00
1.499287311202019282e+03 1.005281925201416016e+00
1.499308144963779569e+03 1.000234842300415039e+00
1.499328978724503941e+03 1.002698540687561035e+00
1.499349812484081667e+03 1.000577449798583984e+00
1.499370646242620069e+03 1.000108122825622559e+00
1.499391480000008414e+03 1.002402067184448242e+00
1.499412313756356070e+03 9.961781501770019531e-01
1.499433147511552079e+03 9.979110360145568848e-01
1.499453981265703987e+03 1.005061149597167969e+00
1.499474815018700838e+03 1.005166411399841309e+00
1.499495648770651997e+03 1.003322243690490723e+00
1.499516482521445369e+03 9.974449276924133301e-01
1.499537316271191685e+03 9.992853999137878418e-01
1.499558150019776349e+03 9.975261092185974121e-01
1.499578983767310547e+03 1.000455021858215332e+00
1.499599817513681046e+03 9.988965988159179688e-01
1.499620651258998578e+03 1.002694606781005859e+00
1.499641485003150592e+03 9.955518841743469238e-01
1.499662318746245774e+03 9.989547133445739746e-01
1.499683152488171572e+03 9.907137751579284668e-01
1.499703986229038946e+03 9.961299896240234375e-01
1.499724819968732845e+03 9.963627457618713379e-01
1.499745653707366500e+03 9.992247819900512695e-01
1.499766487444825316e+03 1.005883455276489258e+00
1.499787321181219340e+03 1.014242410659790039e+00
1.499808154916434432e+03 1.003813266754150391e+00
1.499828988650582460e+03 1.007155060768127441e+00
1.499849822383549281e+03 9.983780980110168457e-01
1.499870656115445399e+03 9.978130459785461426e-01
1.499891489846155764e+03 9.997578859329223633e-01
1.499912323575793380e+03 9.991405010223388672e-01
1.499933157304242741e+03 1.000995755195617676e+00
1.499953991031614123e+03 1.001284241676330566e+00
1.499974824757794977e+03 9.968584775924682617e-01
1.499995658482895806e+03 1.002831935882568359e+00
1.500016492206800194e+03 9.943678975105285645e-01
1.500037325929621829e+03 1.005136489868164062e+00
1.500058159651244750e+03 1.002841114997863770e+00
1.500078993371779006e+03 9.999575614929199219e-01
1.500099827091112275e+03 1.002591252326965332e+00
1.500120660809355513e+03 1.000712037086486816e+00
1.500141494526390716e+03 1.002575635910034180e+00
1.500162328242333388e+03 9.999294281005859375e-01
1.500183161957065295e+03 9.984064102172851562e-01
1.500203995670699896e+03 9.967632889747619629e-01
1.500224829383118504e+03 9.977657794952392578e-01
1.500245663094437305e+03 9.973185658454895020e-01
1.500266496804536928e+03 9.959864616394042969e-01
1.500287330513532879e+03 1.005957365036010742e+00
1.500308164221302150e+03 1.001974344253540039e+00
1.500328997927965929e+03 9.968233108520507812e-01
1.500349831633398708e+03 9.978287220001220703e-01
1.500370665337723267e+03 9.991354942321777344e-01
1.500391499040810913e+03 9.970511794090270996e-01
1.500412332742783974e+03 9.955548644065856934e-01
1.500433166443518303e+03 1.002663969993591309e+00
1.500454000143134408e+03 9.892444610595703125e-01
1.500474833841505642e+03 9.920983314514160156e-01
1.500495667538755697e+03 9.944749474525451660e-01
1.500516501234755196e+03 9.960419535636901855e-01
1.500537334929627832e+03 9.953774213790893555e-01
1.500558168623245820e+03 9.921384453773498535e-01
1.500579002315733305e+03 9.991526603698730469e-01
1.500599836006960459e+03 9.895625710487365723e-01
1.500620669697050971e+03 9.963148236274719238e-01
1.500641503385877058e+03 1.001145839691162109e+00
1.500662337073562867e+03 1.001089572906494141e+00
1.500683170759977429e+03 9.979903697967529297e-01
1.500704004445245118e+03 1.001432180404663086e+00
1.500724838129237696e+03 9.974312782287597656e-01
1.500745671812079763e+03 9.945643544197082520e-01
1.500766505493639897e+03 9.991184473037719727e-01
1.500787339174043836e+03 9.985832571983337402e-01
1.500808172853160386e+03 9.989539384841918945e-01
1.500829006531116420e+03 1.000273346900939941e+00
1.500849840207778016e+03 9.976266026496887207e-01
1.500870673883272275e+03 9.988698363304138184e-01
1.500891507557467094e+03 1.002603650093078613e+00
1.500912341230490256e+03 9.964119791984558105e-01
1.500933174902205792e+03 9.995760321617126465e-01
1.500954008572743533e+03 9.973552823066711426e-01
1.500974842241968418e+03 9.983990788459777832e-01
1.500995675910007776e+03 9.962313771247863770e-01
1.501016509576728822e+03 9.987007975578308105e-01
1.501037343242260249e+03 9.943913221359252930e-01
1.501079010569471393e+03 9.980375170707702637e-01
1.501099844231144743e+03 1.000403285026550293e+00
1.501120677891616651e+03 9.931324124336242676e-01
1.501141511550745918e+03 9.959747791290283203e-01
1.501162345208665556e+03 1.000042438507080078e+00
1.501183178865236414e+03 9.920248389244079590e-01
1.501204012520591050e+03 9.949703216552734375e-01
1.501224846174590766e+03 1.000458955764770508e+00
1.501245679827362210e+03 9.938589334487915039e-01
1.501266513478773959e+03 9.909145832061767578e-01
1.501287347128952206e+03 9.938088059425354004e-01
1.501308180777759162e+03 9.949395060539245605e-01
1.501329014425326250e+03 9.958663582801818848e-01
1.501349848071514771e+03 9.984000921249389648e-01
1.501370681716454783e+03 9.973267912864685059e-01
1.501391515360005997e+03 9.993224143981933594e-01
1.501412349002302108e+03 9.982644915580749512e-01
1.501433182643201690e+03 9.972323775291442871e-01
1.501454016282836619e+03 9.997076392173767090e-01
1.501474849921065015e+03 9.990046024322509766e-01
1.501495683558020119e+03 1.002451658248901367e+00
1.501516517193560276e+03 9.997574687004089355e-01
1.501537350827819637e+03 1.002483963966369629e+00
1.501558184460654047e+03 9.996461868286132812e-01
1.501579018092196520e+03 9.977490305900573730e-01
1.501599851722305175e+03 9.988871812820434570e-01
1.501620685351113934e+03 1.006338834762573242e+00
1.501641518978476370e+03 1.002858996391296387e+00
1.501662352604531407e+03 9.991315603256225586e-01
1.501683186229128296e+03 9.946827292442321777e-01
1.501704019852406873e+03 9.917550086975097656e-01
1.501724853474216616e+03 9.973983168601989746e-01
1.501745687094698951e+03 9.982623457908630371e-01
1.501766520713701993e+03 1.001240372657775879e+00
1.501787354331366259e+03 9.973282814025878906e-01
1.501808187947540773e+03 1.003437042236328125e+00
1.501829021562364915e+03 9.952399134635925293e-01
1.501849855175685889e+03 9.988033771514892578e-01
1.501870688787646714e+03 1.024788975715637207e+00
1.501891522398093230e+03 1.001316905021667480e+00
1.501912356007167318e+03 9.946274161338806152e-01
1.501933189614711864e+03 9.977079033851623535e-01
1.501954023220874888e+03 9.946878552436828613e-01
1.501974856825496317e+03 9.972007274627685547e-01
1.501995690428723037e+03 9.922822117805480957e-01
1.502016524030394976e+03 9.947106242179870605e-01
1.502037357630661063e+03 9.922518730163574219e-01
1.502058191229357362e+03 9.979138374328613281e-01
1.502079024826634395e+03 9.960289001464843750e-01
1.502099858422328452e+03 9.973375201225280762e-01
1.502120692016590510e+03 9.983679652214050293e-01
1.502141525609255041e+03 9.931367039680480957e-01
1.502162359200473475e+03 1.000854969024658203e+00
1.502183192790081421e+03 9.976470470428466797e-01
1.502204026378231219e+03 9.987660646438598633e-01
1.502224859964751431e+03 9.968442320823669434e-01
1.502245693549802354e+03 9.959900379180908203e-01
1.502266527133207319e+03 1.001017928123474121e+00
1.502287360715128216e+03 9.998722076416015625e-01
1.502308194295388603e+03 9.969808459281921387e-01
1.502329027874150142e+03 9.920797348022460938e-01
1.502349861451235938e+03 1.000628590583801270e+00
1.502370695026810381e+03 1.003738522529602051e+00
1.502391528600691345e+03 9.974676966667175293e-01
1.502412362173045494e+03 9.991794228553771973e-01
1.502433195743691158e+03 9.942892789840698242e-01
1.502454029312795683e+03 9.922155737876892090e-01
1.502474862880176488e+03 9.972258210182189941e-01
1.502495696446000693e+03 9.913142919540405273e-01
1.502516530010083670e+03 9.927163124084472656e-01
1.502537363572597769e+03 1.003513336181640625e+00
1.502558197133355861e+03 9.993445873260498047e-01
1.502579030692530978e+03 9.947537779808044434e-01
1.502599864249933489e+03 9.992123246192932129e-01
1.502620697805740292e+03 9.925186038017272949e-01
1.502641531359761302e+03 9.978986978530883789e-01
1.502662364912172052e+03 9.866331219673156738e-01
1.502683198462784503e+03 9.940982460975646973e-01
1.502704032011773734e+03 9.919665455818176270e-01
1.502724865558953979e+03 9.914448857307434082e-01
1.502745699104502364e+03 9.924973845481872559e-01
1.502766532648230395e+03 9.958322048187255859e-01
1.502787366190316106e+03 9.986991286277770996e-01
1.502808199730574870e+03 9.974683523178100586e-01
1.502829033269186084e+03 9.918591380119323730e-01
1.502849866805964666e+03 9.876638054847717285e-01
1.502870700341089787e+03 9.949530959129333496e-01
1.502891533874384095e+03 9.970396757125854492e-01
1.502912367406025623e+03 9.998351335525512695e-01
1.502933200935840205e+03 9.955603480339050293e-01
1.502954034464007009e+03 1.003176450729370117e+00
1.502974867990356643e+03 9.959173202514648438e-01
1.504954058574516466e+03 9.980279803276062012e-01
1.504974892240631107e+03 9.907537698745727539e-01
1.504995725906065900e+03 9.885740280151367188e-01
1.505016559570692607e+03 1.000292181968688965e+00
1.505037393234593992e+03 1.000171065330505371e+00
1.505058226897642498e+03 9.927771091461181641e-01
1.505079060559923619e+03 9.937025308609008789e-01
1.505099894221315935e+03 1.004845261573791504e+00
1.505120727881899938e+03 9.995472431182861328e-01
1.505141561541564215e+03 1.000857472419738770e+00
1.505162395200391984e+03 1.002453684806823730e+00
1.505183228858267057e+03 9.958862662315368652e-01
1.505204062515279702e+03 1.003926634788513184e+00
1.505224896171312594e+03 1.005248546600341797e+00
1.505245729826460774e+03 9.997698068618774414e-01
1.505266563480608738e+03 1.004777073860168457e+00
1.505287397133849481e+03 1.003494858741760254e+00
1.505308230786069089e+03 1.005785465240478516e+00
1.505329064437364650e+03 1.005573987960815430e+00
1.505349898087620659e+03 1.004525303840637207e+00
1.505370731736937842e+03 1.004531979560852051e+00
1.505391565385202739e+03 1.000607013702392578e+00
1.505412399032512894e+03 9.920736551284790039e-01
1.505433232678756895e+03 9.975398778915405273e-01
1.505454066324034102e+03 9.976568818092346191e-01
1.505474899968234467e+03 1.004031419754028320e+00
1.505495733611458945e+03 1.001143097877502441e+00
1.505516567253596577e+03 9.936426877975463867e-01
1.505537400894747861e+03 9.947903156280517578e-01
1.505558234534802750e+03 9.960954189300537109e-01
1.505579068173863789e+03 9.950671792030334473e-01
1.505599901811821610e+03 9.912579655647277832e-01
1.505620735448779669e+03 9.993643760681152344e-01
1.505641569084627918e+03 9.924699068069458008e-01
1.505662402719469810e+03 9.970461130142211914e-01
1.505683236353194161e+03 9.983997344970703125e-01
1.505704069985908973e+03 9.956710338592529297e-01
1.505724903617502378e+03 9.890607595443725586e-01
1.505745737248081014e+03 9.931238889694213867e-01
1.505766570877535059e+03 9.924993515014648438e-01
1.505787404505967288e+03 1.000826478004455566e+00
1.505808238133273562e+03 9.960789084434509277e-01
1.505829071759556882e+03 9.946154952049255371e-01
1.505849905384708563e+03 9.919272065162658691e-01
1.505870739008835699e+03 9.977230429649353027e-01
1.505891572631827103e+03 9.972542524337768555e-01
1.505912406253792824e+03 9.987002015113830566e-01
1.505933239874621904e+03 1.000792145729064941e+00
1.505954073494423483e+03 1.008511781692504883e+00
1.505974907113086147e+03 1.003575444221496582e+00
1.505995740730717444e+03 9.986559152603149414e-01
1.506016574347210280e+03 1.004428029060363770e+00
1.506037407962672887e+03 9.953711032867431641e-01
1.506058241576992714e+03 9.978471398353576660e-01
1.506079075190283447e+03 1.006382584571838379e+00
1.506099908802428217e+03 1.006673932075500488e+00
1.506120742413544804e+03 9.980441927909851074e-01
1.506141576023517018e+03 9.928956031799316406e-01
1.506162409632457411e+03 9.995633959770202637e-01
1.506183243240254114e+03 9.960257411003112793e-01
1.506204076847017859e+03 9.966531395912170410e-01
1.506224910452639051e+03 9.991271495819091797e-01
1.506245744057228876e+03 9.987065196037292480e-01
1.506266577660674102e+03 9.917916655540466309e-01
1.506287411263086369e+03 9.921498894691467285e-01
1.506308244864355856e+03 9.925178289413452148e-01
1.506329078464593977e+03 9.949740171432495117e-01
1.506349912063688635e+03 9.932132959365844727e-01
1.506370745661753062e+03 9.953459501266479492e-01
1.506391579258671300e+03 9.928801655769348145e-01
1.506412412854561808e+03 9.962097406387329102e-01
1.506433246449309081e+03 9.988085627555847168e-01
1.506454080043025897e+03 9.960449934005737305e-01
1.506474913635600615e+03 9.929980635643005371e-01
1.506495747227145102e+03 1.005962729454040527e+00
1.506516580817549084e+03 9.910886287689208984e-01
1.506537414406925109e+03 9.961360692977905273e-01
1.506558247995159945e+03 9.973073601722717285e-01
1.506579081582365234e+03 1.002485394477844238e+00
1.506599915168432290e+03 9.931011199951171875e-01
1.506620748753471389e+03 9.959856271743774414e-01
1.506641582337372029e+03 1.003294706344604492e+00
1.506662415920246985e+03 9.958508610725402832e-01
1.506683249501981209e+03 1.009585261344909668e+00
1.506704083082692478e+03 1.002996921539306641e+00
1.506724916662265969e+03 1.010957717895507812e+00
1.506745750240814459e+03 9.958630800247192383e-01
1.506766583818226309e+03 9.980079531669616699e-01
1.506787417394614977e+03 1.005144596099853516e+00
1.506808250969868823e+03 1.002929329872131348e+00
1.506829084544100624e+03 1.005642056465148926e+00
1.506849918117197831e+03 9.941976070404052734e-01
1.506870751689271401e+03 9.999164342880249023e-01
1.506891585260213787e+03 9.937795400619506836e-01
1.506912418830134584e+03 9.944162368774414062e-01
1.506933252398923969e+03 9.926730990409851074e-01
1.506954085966691991e+03 9.968352317810058594e-01
1.506974919533330649e+03 1.002172946929931641e+00
1.506995753098950672e+03 9.921550750732421875e-01
1.507016586663441558e+03 9.940701723098754883e-01
1.507037420226910854e+03 9.932641386985778809e-01
1.507058253789261016e+03 9.943120479583740234e-01
1.507079087350596865e+03 9.955863952636718750e-01
1.507099920910801984e+03 9.978473186492919922e-01
1.507120754469984604e+03 9.997223615646362305e-01
1.507141588028040132e+03 9.995173215866088867e-01
1.507162421585081120e+03 9.946562647819519043e-01
1.507183255140998199e+03 9.947774410247802734e-01
1.507204088695898463e+03 9.919435977935791016e-01
1.507224922249675956e+03 9.972752332687377930e-01
1.507245755802438907e+03 9.959864616394042969e-01
1.507266589354082043e+03 9.894415140151977539e-01
1.507308256454216462e+03 1.006877422332763672e+00
1.507329090002709336e+03 1.000099658966064453e+00
1.507349923550085805e+03 9.999684095382690430e-01
1.507370757096448415e+03 1.000542163848876953e+00
1.507391590641692119e+03 1.000604748725891113e+00
1.507433257729041543e+03 1.004310011863708496e+00
1.507454091271147945e+03 1.003088831901550293e+00
1.507474924812135896e+03 9.980408549308776855e-01
1.507495758352116582e+03 1.001627683639526367e+00
1.507516591890981772e+03 9.984685182571411133e-01
1.507537425428837423e+03 1.000401258468627930e+00
1.507558258965578943e+03 9.994496703147888184e-01
1.507579092501312743e+03 9.956177473068237305e-01
1.507599926035934004e+03 9.981963038444519043e-01
1.507620759569547545e+03 9.983569979667663574e-01
1.507641593102049683e+03 1.000707268714904785e+00
1.507662426633544101e+03 9.965630173683166504e-01
1.507683260163929390e+03 9.992634654045104980e-01
1.507954095963156078e+03 9.976083636283874512e-01
1.507974929478761396e+03 9.958454966545104980e-01
1.507995762993370818e+03 9.932916164398193359e-01
1.508016596506873157e+03 9.985608458518981934e-01
1.508037430019377325e+03 1.002932071685791016e+00
1.508058263530775321e+03 9.988878369331359863e-01
1.508079097041176965e+03 1.000496864318847656e+00
1.508099930550474028e+03 1.002596139907836914e+00
1.508120764058773148e+03 1.001271843910217285e+00
1.508141597565969278e+03 9.945817589759826660e-01
1.508162431072170421e+03 1.004599213600158691e+00
1.508183264577266982e+03 1.003044366836547852e+00
1.508204098081367647e+03 1.000562429428100586e+00
1.508224931584366004e+03 1.004410266876220703e+00
1.508245765086369829e+03 1.000583887100219727e+00
1.508266598587271119e+03 1.002181529998779297e+00
1.508287432087177649e+03 9.987229108810424805e-01
1.508329099083796336e+03 9.966879487037658691e-01
1.508349932580505310e+03 1.003821253776550293e+00
1.508370766076224299e+03 9.985320568084716797e-01
1.508391599570841663e+03 9.968302845954895020e-01
1.508412433064466313e+03 1.007224082946777344e+00
1.508433266556990247e+03 9.998258352279663086e-01
1.508454100048522605e+03 9.988068342208862305e-01
1.508474933538955838e+03 9.959710836410522461e-01
1.508495767028398404e+03 1.000993609428405762e+00
1.508516600516738890e+03 1.004326462745666504e+00
1.508537434004090983e+03 9.956177473068237305e-01
1.508558267490343724e+03 9.991800785064697266e-01
1.508579100975604661e+03 9.958816170692443848e-01
1.508599934459768519e+03 9.991445541381835938e-01
1.508620767942941939e+03 9.953901171684265137e-01
1.508641601425017598e+03 9.949435591697692871e-01
1.508662434906102362e+03 9.927626848220825195e-01
1.508683268386090731e+03 9.956424236297607422e-01
1.508704101865090479e+03 9.983558058738708496e-01
1.508724935342990420e+03 9.972717761993408203e-01
1.508745768819903788e+03 9.999994039535522461e-01
1.508766602295720077e+03 1.002488374710083008e+00
1.508787435770547063e+03 9.991118311882019043e-01
1.508808269244276744e+03 9.996626377105712891e-01
1.508829102717018486e+03 1.001862287521362305e+00
1.508849936188664969e+03 9.982024431228637695e-01
1.508870769659321468e+03 1.000168561935424805e+00
1.508891603128883617e+03 9.999481439590454102e-01
1.508912436597458509e+03 1.005049228668212891e+00
1.508933270064938142e+03 1.001096487045288086e+00
1.508954103531426654e+03 9.983932971954345703e-01
1.508974936996823317e+03 1.007658481597900391e+00
1.508995770461229995e+03 1.004416465759277344e+00
1.509016603924542778e+03 9.992411732673645020e-01
1.509037437386867168e+03 9.970549345016479492e-01
1.509058270848099937e+03 1.004091262817382812e+00
1.509079104308340220e+03 9.997317194938659668e-01
1.509099937767490928e+03 1.002426624298095703e+00
1.509120771225651424e+03 9.949441552162170410e-01
1.509141604682719617e+03 9.951925277709960938e-01
1.509162438138797825e+03 9.952484369277954102e-01
1.509183271593784866e+03 1.002860903739929199e+00
1.509204105047782605e+03 9.933429956436157227e-01
1.509224938500687585e+03 9.900014996528625488e-01
1.509245771952604628e+03 1.002705335617065430e+00
1.509266605403430503e+03 1.014182806015014648e+00
1.509287438853264575e+03 1.022778630256652832e+00
1.509308272302009755e+03 9.964433312416076660e-01
1.509329105749765404e+03 9.968807101249694824e-01
1.509349939196428977e+03 1.000234723091125488e+00
1.509370772642102793e+03 1.000577807426452637e+00
1.509391606086685670e+03 1.004759669303894043e+00
1.509412439530279926e+03 9.970381259918212891e-01
1.509433272972781197e+03 1.001509785652160645e+00
1.509454106414295893e+03 9.981750249862670898e-01
1.509474939854717604e+03 1.000831365585327148e+00
1.509495773294149558e+03 9.971872568130493164e-01
1.509516606732490573e+03 1.004840373992919922e+00
1.509537440169842739e+03 1.002182006835937500e+00
1.509558273606101920e+03 9.951915740966796875e-01
1.509579107041373163e+03 1.001345276832580566e+00
1.509599940475552330e+03 1.006094217300415039e+00
1.509620773908741512e+03 1.006000876426696777e+00
1.509641607340840437e+03 1.008135795593261719e+00
1.509662440771948468e+03 1.000408887863159180e+00
1.509683274201965787e+03 1.002822875976562500e+00
1.509704107630991302e+03 1.001230835914611816e+00
1.509724941058927016e+03 1.000331521034240723e+00
1.509745774485872516e+03 9.985309243202209473e-01
1.509766607911724122e+03 1.004923582077026367e+00
1.509787441336587335e+03 9.992412924766540527e-01
1.509808274760357335e+03 1.000792145729064941e+00
1.509829108183136668e+03 1.001620054244995117e+00
1.509849941604824153e+03 1.001028060913085938e+00
1.509870775025522335e+03 9.998167753219604492e-01
1.509891608445124348e+03 9.979298710823059082e-01
1.509912441863740014e+03 9.998325109481811523e-01
1.509933275281259057e+03 9.982784390449523926e-01
1.509954108697788570e+03 9.992778897285461426e-01
1.509974942113223278e+03 9.996936917304992676e-01
1.509995775527668911e+03 9.962328076362609863e-01
1.510016608941017466e+03 1.000609636306762695e+00
1.510037442353377855e+03 9.947388172149658203e-01
1.510058275764642758e+03 9.954836964607238770e-01
1.510079109174914947e+03 9.951239824295043945e-01
1.510099942584093469e+03 1.005441665649414062e+00
1.510120775992281096e+03 9.932559132575988770e-01
1.510141609399370282e+03 9.935604929924011230e-01
1.510162442805470391e+03 9.928324818611145020e-01
1.510183276210472513e+03 1.000447392463684082e+00
1.510204109614483059e+03 1.004646062850952148e+00
1.510224943017396527e+03 9.951527118682861328e-01
1.510245776419320009e+03 1.004935264587402344e+00
1.510266609820141866e+03 9.999490976333618164e-01
1.510287443219975103e+03 1.005732297897338867e+00
1.510308276618707168e+03 9.982084035873413086e-01
1.510329110016448340e+03 1.002930164337158203e+00
1.510349943413089704e+03 9.997177720069885254e-01
1.510370776808739038e+03 1.001800894737243652e+00
1.510391610203286746e+03 1.001911044120788574e+00
1.510412443596842877e+03 9.985600113868713379e-01
1.510433276989297838e+03 1.003190398216247559e+00
1.510454110380758721e+03 1.002703309059143066e+00
1.510474943771118660e+03 1.004932761192321777e+00
1.510495777160484977e+03 9.984567165374755859e-01
1.510516610548748076e+03 9.997957944869995117e-01
1.510537443936018917e+03 1.000000000000000000e+00
1.510558277322185859e+03 1.001872658729553223e+00
1.510579110707356449e+03 9.934991002082824707e-01
1.510599944091424732e+03 9.962556958198547363e-01
1.510620777474496435e+03 9.980871677398681641e-01
1.510641610856464695e+03 9.986219406127929688e-01
1.510662444237436830e+03 9.967408776283264160e-01
1.510683277617303020e+03 9.992924332618713379e-01
1.510704110996173085e+03 9.956743717193603516e-01
1.510724944373937205e+03 1.000825762748718262e+00
1.510745777750703155e+03 9.957113862037658691e-01
1.510766611126363159e+03 9.998595714569091797e-01
1.510787444501026130e+03 9.940728545188903809e-01
1.510808277874578152e+03 9.966829419136047363e-01
1.510829111247134506e+03 9.970310330390930176e-01
1.510849944618582413e+03 9.950947165489196777e-01
1.510870777989027374e+03 1.004181146621704102e+00
1.510891611358366390e+03 9.964426159858703613e-01
1.510912444726701551e+03 9.977640509605407715e-01
1.511141611708312439e+03 1.003838777542114258e+00
1.511162445063950827e+03 1.004413485527038574e+00
1.511183278418475084e+03 1.004695415496826172e+00
1.511204111771989346e+03 9.965490102767944336e-01
1.511224945124389251e+03 1.002521753311157227e+00
1.511287445175314588e+03 9.987460374832153320e-01
1.511308278523458057e+03 1.001051425933837891e+00
1.511329111870590168e+03 1.000123858451843262e+00
1.511349945216603373e+03 9.977109432220458984e-01
1.511370778561602037e+03 9.991698265075683594e-01
1.511391611905481795e+03 9.974068403244018555e-01
1.511412445248347012e+03 9.996353387832641602e-01
1.511433278590089458e+03 9.958184361457824707e-01
1.511454111930817589e+03 9.992387294769287109e-01
1.511474945270421358e+03 9.953343868255615234e-01
1.511495778609009449e+03 9.974403381347656250e-01
1.511516611946499097e+03 9.958690404891967773e-01
1.511537445282989893e+03 9.967952966690063477e-01
1.511558278618333588e+03 9.967684745788574219e-01
1.511579111952635003e+03 1.003243446350097656e+00
1.511599945285807962e+03 9.997346401214599609e-01
1.511620778617961605e+03 1.005875706672668457e+00
1.511745778588116309e+03 1.001054048538208008e+00
1.511766611912675216e+03 9.980013966560363770e-01
1.511787445236207759e+03 9.973937273025512695e-01
1.511808278558604115e+03 1.003707289695739746e+00
1.511829111879975471e+03 1.005433917045593262e+00
1.511849945200205411e+03 1.000025272369384766e+00
1.511870778519410578e+03 1.001885890960693359e+00
1.511891611837474102e+03 1.005025029182434082e+00
1.511912445154508077e+03 1.000824689865112305e+00
1.511933278470400410e+03 9.978438019752502441e-01
1.511954111785261148e+03 9.979933500289916992e-01
1.511974945098978651e+03 1.000405550003051758e+00
1.511995778411663878e+03 1.005105137825012207e+00
1.512016611723202232e+03 9.999279975891113281e-01
1.512037445033707399e+03 1.003755569458007812e+00
1.512058278343063648e+03 1.005753993988037109e+00
1.512079111651386029e+03 1.002053022384643555e+00
1.512099944958556534e+03 1.001382350921630859e+00
1.512120778264690443e+03 9.958702921867370605e-01
1.512141611569671340e+03 1.002257823944091797e+00
1.512162444873613822e+03 9.982751607894897461e-01
1.512183278176401245e+03 9.936591386795043945e-01
1.512204111478149116e+03 9.969872236251831055e-01
1.512224944778738973e+03 1.000108480453491211e+00
1.512245778078286548e+03 1.002139210700988770e+00
1.512266611376674746e+03 9.962839484214782715e-01
1.512287444674018616e+03 9.914525747299194336e-01
1.512308277970201743e+03 9.975131154060363770e-01
1.512329111265336905e+03 9.967406988143920898e-01
1.512349944559309733e+03 9.901847243309020996e-01
1.512370777852232095e+03 9.926306605339050293e-01
1.512391611143990531e+03 1.006324172019958496e+00
1.512412444434698273e+03 9.991930723190307617e-01
1.512433277724235268e+03 9.982450008392333984e-01
1.512454111012721341e+03 9.970641732215881348e-01
1.512474944300034622e+03 1.001425147056579590e+00
1.512495777586294480e+03 1.003359079360961914e+00
1.512516610871378589e+03 1.008697271347045898e+00
1.512537444155407684e+03 9.993153214454650879e-01
1.512558277438260120e+03 1.002733111381530762e+00
1.512579110720050949e+03 1.006867766380310059e+00
1.512599944000664891e+03 1.004766583442687988e+00
1.512620777280214497e+03 9.997222423553466797e-01
1.512641610558584489e+03 9.990323185920715332e-01
1.512662443835887871e+03 1.001285195350646973e+00
1.512683277112008682e+03 1.007225394248962402e+00
1.512704110387061064e+03 1.005417823791503906e+00
1.512724943660926101e+03 9.940008521080017090e-01
1.512745776933721572e+03 1.001572370529174805e+00
1.512766610205328334e+03 9.979264140129089355e-01
1.512787443475858936e+03 1.000032186508178711e+00
1.512808276745199919e+03 1.000272750854492188e+00
1.512829110013461559e+03 1.000229239463806152e+00
1.512849943280531761e+03 9.980478882789611816e-01
1.512870776546518073e+03 9.988808631896972656e-01
1.512891609811310445e+03 1.003619670867919922e+00
1.512912443075016881e+03 1.007124185562133789e+00
1.512933276337524376e+03 9.931290745735168457e-01
1.512954109598943887e+03 9.998342394828796387e-01
1.512974942859161047e+03 9.967876672744750977e-01
1.512995776118288177e+03 1.002042531967163086e+00
1.513016609376207725e+03 9.922060370445251465e-01
1.513037442633034971e+03 1.001800656318664551e+00
1.513058275888650996e+03 9.930849671363830566e-01
1.513079109143171763e+03 9.952030777931213379e-01
1.513099942396477445e+03 1.003055334091186523e+00
1.513120775648684912e+03 9.991882443428039551e-01
1.513141608899673201e+03 1.002611875534057617e+00
1.513162442149560093e+03 1.006193995475769043e+00
1.513183275398225987e+03 1.006052732467651367e+00
1.513204108645782526e+03 9.997501969337463379e-01
1.513224941892117158e+03 1.003337860107421875e+00
1.513245775137338342e+03 1.003386020660400391e+00
1.513266608381333526e+03 1.009551763534545898e+00
1.513287441624211851e+03 1.007397651672363281e+00
1.513308274865859403e+03 1.003115773200988770e+00
1.513329108106388048e+03 1.005459189414978027e+00
1.513349941345679781e+03 1.006814122200012207e+00
1.513370774583850562e+03 1.002775788307189941e+00
1.513391607820777836e+03 1.006480455398559570e+00
1.513412441056581429e+03 9.972431659698486328e-01
1.513454107524564506e+03 1.008862376213073730e+00
1.513474940756739898e+03 1.009296178817749023e+00
1.513495773987782968e+03 1.003705620765686035e+00
1.513516607217569344e+03 1.001070022583007812e+00
1.513537440446219080e+03 1.000065088272094727e+00
1.513558273673606664e+03 9.980108737945556641e-01
1.513579106899853969e+03 9.987576603889465332e-01
1.513599940124833893e+03 1.003556966781616211e+00
1.513620773348668990e+03 1.020981907844543457e+00
1.513641606571233751e+03 1.002727031707763672e+00
1.513662439792644818e+03 9.928618669509887695e-01
1.513683273012782593e+03 9.998034238815307617e-01
1.513704106231761443e+03 9.917145967483520508e-01
1.513724939449461999e+03 9.984954595565795898e-01
1.513745772666000676e+03 1.003890514373779297e+00
1.513766605881251508e+03 9.996606707572937012e-01
1.513787439095337277e+03 1.000016689300537109e+00
1.513808272308129290e+03 1.001975655555725098e+00
1.513829105519751920e+03 9.957424402236938477e-01
1.513849938730074200e+03 1.005133628845214844e+00
1.513870771939221868e+03 1.005397796630859375e+00
1.513891605147063274e+03 1.002285122871398926e+00
1.513912438353724610e+03 1.006596922874450684e+00
1.513933271559073546e+03 1.007328033447265625e+00
1.513954104763236046e+03 1.007276654243469238e+00
1.513974937966080688e+03 1.008225917816162109e+00
1.513995771167735029e+03 1.009652972221374512e+00
1.514016604368060371e+03 1.008009672164916992e+00
1.514037437567191773e+03 9.997285008430480957e-01
1.514058270764987128e+03 1.001572608947753906e+00
1.514079103961582859e+03 1.013743519783020020e+00
1.514141603543583869e+03 9.997111558914184570e-01
1.514162436735078018e+03 1.007321953773498535e+00
1.514183269925209743e+03 9.963651895523071289e-01
1.514204103114116378e+03 1.009546279907226562e+00
1.514224936301658317e+03 1.007517695426940918e+00
1.514245769487973575e+03 1.004457592964172363e+00
1.514266602672917088e+03 9.989554882049560547e-01
1.514287435856624825e+03 1.003606200218200684e+00
1.514308269038953767e+03 1.004525423049926758e+00
1.514329102220039658e+03 1.000460267066955566e+00
1.514349935399738342e+03 9.985429644584655762e-01
1.514370768578186471e+03 9.945752620697021484e-01
1.514391601755238753e+03 1.002385616302490234e+00
1.514412434931032749e+03 9.984409213066101074e-01
1.514433268105421803e+03 9.965028166770935059e-01
1.514474934450253386e+03 9.962527155876159668e-01
1.514495767620687730e+03 1.007844924926757812e+00
1.514516600789698714e+03 1.004382133483886719e+00
1.514537433957426629e+03 1.003812193870544434e+00
1.514558267123721407e+03 1.003356695175170898e+00
1.514579100288724476e+03 1.000691890716552734e+00
1.514599933452284176e+03 1.003522038459777832e+00
1.514620766614543982e+03 1.005224466323852539e+00
1.514641599775348368e+03 9.975017309188842773e-01
1.514662432934844219e+03 1.007903337478637695e+00
1.514683266092875101e+03 1.006524562835693359e+00
1.514704099249586079e+03 1.005677700042724609e+00
1.514724932404821629e+03 1.003451108932495117e+00
1.514745765558727499e+03 1.008953809738159180e+00
1.514766598711147481e+03 1.008722543716430664e+00
1.514787431862225731e+03 1.011355280876159668e+00
1.514808265011807407e+03 1.002264261245727539e+00
1.514829098160036210e+03 1.010415077209472656e+00
1.514849931306756844e+03 1.017670512199401855e+00
1.514870764452113690e+03 1.002619504928588867e+00
1.514891597595949861e+03 1.002229452133178711e+00
1.514912430738410876e+03 1.003918766975402832e+00
1.514933263879338256e+03 1.004238843917846680e+00
1.514954097018878883e+03 1.006116390228271484e+00
1.514974930156872688e+03 1.007045865058898926e+00
1.514995763293468144e+03 9.996333718299865723e-01
1.515016596428502680e+03 1.003914833068847656e+00
1.515037429562126590e+03 1.005366444587707520e+00
1.515058262694175710e+03 1.000176310539245605e+00
1.515079095824801243e+03 1.000618696212768555e+00
1.515099928953837662e+03 1.010988235473632812e+00
1.515120762081436169e+03 9.956520199775695801e-01
1.515141595207433056e+03 1.004869103431701660e+00
1.515162428331977480e+03 9.912716746330261230e-01
1.515183261454904823e+03 1.005585908889770508e+00
1.515204094576366060e+03 1.005423903465270996e+00
1.515224927696194527e+03 9.934805035591125488e-01
1.515245760814542564e+03 9.982415437698364258e-01
1.515266593931241459e+03 9.988445043563842773e-01
1.515287427046445600e+03 9.998713731765747070e-01
1.515308260159984684e+03 1.003430724143981934e+00
1.515329093272013779e+03 9.971848726272583008e-01
1.515349926382360763e+03 1.007037043571472168e+00
1.515370759491182753e+03 9.983233213424682617e-01
1.515391592598305351e+03 1.010307908058166504e+00
1.515412425703887720e+03 1.002919197082519531e+00
1.515433258807754328e+03 1.008636593818664551e+00
1.515454091910062743e+03 1.010349988937377930e+00
1.515474925010636753e+03 1.014128565788269043e+00
1.515495758109640974e+03 1.011701822280883789e+00
1.515516591206891007e+03 1.006375074386596680e+00
1.515537424302555110e+03 1.006636977195739746e+00
1.515558257396447289e+03 1.002945184707641602e+00
1.515579090488737393e+03 1.003641605377197266e+00
1.515599923579238521e+03 1.007182240486145020e+00
1.515620756668121203e+03 1.010199904441833496e+00
1.515641589755197629e+03 1.010685205459594727e+00
1.515662422840642193e+03 1.009253859519958496e+00
1.515683255924259129e+03 1.004284381866455078e+00
1.515704089006229424e+03 1.004787206649780273e+00
1.515724922086360039e+03 1.004023194313049316e+00
1.515745755164828552e+03 1.005118489265441895e+00
1.515766588241440331e+03 1.009326577186584473e+00
1.515787421316377504e+03 1.007049560546875000e+00
1.515808254389445665e+03 1.000898122787475586e+00
1.515829087460825122e+03 1.006420135498046875e+00
1.515849920530325107e+03 9.971043467521667480e-01
1.515870753598126157e+03 9.991747736930847168e-01
1.515891586664037050e+03 1.000730276107788086e+00
1.515912419728245595e+03 9.992944598197937012e-01
1.515954085851160698e+03 1.001288056373596191e+00
1.515974918909867483e+03 1.007691979408264160e+00
1.515995751966866237e+03 1.002758026123046875e+00
1.516016585021973697e+03 9.972128868103027344e-01
