1.325327374694608125e+03 9.898535013198852539e-01
1.325348208252293261e+03 9.878849983215332031e-01
1.325369041809576856e+03 9.890881776809692383e-01
1.325389875366291562e+03 9.891164898872375488e-01
1.325410708922273443e+03 9.886121749877929688e-01
1.325431542477361972e+03 9.886307716369628906e-01
1.325452376031402764e+03 9.916718602180480957e-01
1.325473209584253027e+03 9.908957481384277344e-01
1.325494043135778384e+03 9.920864105224609375e-01
1.325514876685864920e+03 9.944664835929870605e-01
1.325535710234412136e+03 9.941377043724060059e-01
1.325556543781337268e+03 9.951545000076293945e-01
1.325577377326579608e+03 9.987853169441223145e-01
1.325598210870096864e+03 9.983559250831604004e-01
1.325619044411868572e+03 9.984840750694274902e-01
1.325639877951898143e+03 1.001429080963134766e+00
1.325660711490208541e+03 1.000480294227600098e+00
1.325681545026846379e+03 1.002862453460693359e+00
1.325702378561876230e+03 1.000287175178527832e+00
1.325723212095383587e+03 1.002759456634521484e+00
1.325744045627473270e+03 9.997020363807678223e-01
1.325764879158263511e+03 1.001929163932800293e+00
1.325785712687889827e+03 1.001880288124084473e+00
1.325806546216497054e+03 1.001635074615478516e+00
1.325827379744240716e+03 9.995945692062377930e-01
1.325848213271282248e+03 1.000164151191711426e+00
1.325869046797788315e+03 9.990302324295043945e-01
1.325889880323925127e+03 1.000302195549011230e+00
1.325910713849856620e+03 9.986975789070129395e-01
1.325931547375746504e+03 1.000379443168640137e+00
1.325952380901745300e+03 1.002033233642578125e+00
1.325994047954628968e+03 9.974448680877685547e-01
1.326014881481759858e+03 9.976204633712768555e-01
1.326035715009488740e+03 9.950580596923828125e-01
1.326077382067040844e+03 9.923970103263854980e-01
1.326098215596964792e+03 9.928759932518005371e-01
1.326119049127683184e+03 9.960321187973022461e-01
1.326139882659195109e+03 9.942763447761535645e-01
1.326160716191475331e+03 9.960494041442871094e-01
1.326181549724476326e+03 9.952617883682250977e-01
1.326202383258129885e+03 9.957229495048522949e-01
1.326223216792349149e+03 9.967037439346313477e-01
1.326244050327030891e+03 9.969859123229980469e-01
1.326264883862052557e+03 9.999102950096130371e-01
1.326285717397281587e+03 1.005434155464172363e+00
1.326306550932571099e+03 1.006057024002075195e+00
1.326327384467763750e+03 1.003743410110473633e+00
1.326369051537207497e+03 1.004153370857238770e+00
1.326410718604291787e+03 1.005342483520507812e+00
1.326431552136539722e+03 1.006302475929260254e+00
1.326452385667719000e+03 1.005671739578247070e+00
1.326473219197687968e+03 1.004008054733276367e+00
1.326494052726317477e+03 1.005721449851989746e+00
1.326514886253491568e+03 1.006772398948669434e+00
1.326535719779114061e+03 1.003288745880126953e+00
1.326556553303103783e+03 1.003437161445617676e+00
1.326577386825402073e+03 1.001257300376892090e+00
1.326598220345970276e+03 1.000668406486511230e+00
1.326619053864791340e+03 1.003312945365905762e+00
1.326639887381871631e+03 9.993045926094055176e-01
1.326660720897236160e+03 1.002566695213317871e+00
1.326702387923032575e+03 9.991557598114013672e-01
1.326744054942804723e+03 9.967947602272033691e-01
1.326764888450706167e+03 9.969424009323120117e-01
1.326785721957460510e+03 9.934211969375610352e-01
1.326806555463213044e+03 9.962885379791259766e-01
1.326827388968122023e+03 9.953754544258117676e-01
1.326869055976064146e+03 9.963068366050720215e-01
1.326889889479429712e+03 9.942882657051086426e-01
1.326910722982610423e+03 9.986628293991088867e-01
1.326931556485766805e+03 9.997785687446594238e-01
1.326952389989050744e+03 9.988934993743896484e-01
1.326973223492603211e+03 1.001303672790527344e+00
1.326994056996554718e+03 9.991323947906494141e-01
1.327014890501017589e+03 9.995382428169250488e-01
1.327035724006087321e+03 1.003135561943054199e+00
1.327056557511842584e+03 1.001052498817443848e+00
1.327077391018342269e+03 1.005688071250915527e+00
1.327181558562530199e+03 1.004594206809997559e+00
1.327202392073510509e+03 1.005057454109191895e+00
1.327223225585044702e+03 1.002083659172058105e+00
1.327244059097023865e+03 1.002967715263366699e+00
1.327264892609326125e+03 1.000448226928710938e+00
1.327285726121813923e+03 1.004253864288330078e+00
1.327306559634340601e+03 1.004506111145019531e+00
1.327327393146750182e+03 1.002537369728088379e+00
1.327348226658879639e+03 1.003316283226013184e+00
1.327369060170560942e+03 9.994425177574157715e-01
1.327389893681629019e+03 1.000847339630126953e+00
1.327410727191917886e+03 9.999092817306518555e-01
1.327431560701270200e+03 1.001290678977966309e+00
1.327452394209533622e+03 9.981191158294677734e-01
1.327473227716568772e+03 9.954890608787536621e-01
1.327494061222246273e+03 9.980959892272949219e-01
1.327514894726453349e+03 9.946018457412719727e-01
1.327535728229095639e+03 9.925858378410339355e-01
1.327556561730095609e+03 9.947052001953125000e-01
1.327577395229397553e+03 9.933561682701110840e-01
1.327598228726965317e+03 9.967536330223083496e-01
1.327619062222783896e+03 9.958587288856506348e-01
1.327639895716861702e+03 9.947428703308105469e-01
1.327660729209228521e+03 9.984993934631347656e-01
1.327681562699934830e+03 9.962593317031860352e-01
1.327702396189052706e+03 9.984671473503112793e-01
1.327723229676672645e+03 9.994797706604003906e-01
1.327744063162899693e+03 1.000814914703369141e+00
1.327764896647860724e+03 1.005270957946777344e+00
1.327827397096568347e+03 1.002993226051330566e+00
1.327869064058805861e+03 1.005120515823364258e+00
1.327910731019728928e+03 1.006060719490051270e+00
1.327931564500104741e+03 1.003471612930297852e+00
1.327994064942650311e+03 1.001484036445617676e+00
1.328014898424392413e+03 1.004057049751281738e+00
1.328035731906752744e+03 1.000649571418762207e+00
1.328056565389806792e+03 1.003312826156616211e+00
1.328077398873609809e+03 1.003963947296142578e+00
1.328098232358195446e+03 1.001262068748474121e+00
1.328119065843576436e+03 1.002483010292053223e+00
1.328139899329743457e+03 1.001311302185058594e+00
1.328160732816664677e+03 9.983455538749694824e-01
1.328181566304289845e+03 9.958142638206481934e-01
1.328202399792545066e+03 9.973052144050598145e-01
1.328223233281338707e+03 9.966453909873962402e-01
1.328244066770561403e+03 9.944723248481750488e-01
1.328264900260089007e+03 9.948617219924926758e-01
1.328285733749784413e+03 9.971368908882141113e-01
1.328327400729068358e+03 9.963496923446655273e-01
1.328348234218336984e+03 9.971618652343750000e-01
1.328389901195296716e+03 9.990292787551879883e-01
1.328410734682658813e+03 1.001180410385131836e+00
1.328452401654355072e+03 1.001374602317810059e+00
1.328514902102261203e+03 1.004045963287353516e+00
1.328556569059831190e+03 1.010084867477416992e+00
1.328577402536084719e+03 1.008694648742675781e+00
1.328598236010599067e+03 1.005568623542785645e+00
1.328619069483364683e+03 1.006737828254699707e+00
1.328639902954390891e+03 1.005522370338439941e+00
1.328660736423710659e+03 1.005704402923583984e+00
1.328681569891376284e+03 1.004260301589965820e+00
1.328702403357462572e+03 1.003330588340759277e+00
1.328744070285286625e+03 1.004340887069702148e+00
1.328806570668020868e+03 1.001033663749694824e+00
1.328827404127115869e+03 1.005048871040344238e+00
1.328848237585570814e+03 1.006740093231201172e+00
1.328869071043552367e+03 1.004523038864135742e+00
1.328889904501227420e+03 1.000749230384826660e+00
1.328910737958759000e+03 1.001577615737915039e+00
1.328931571416304678e+03 9.997988939285278320e-01
1.328952404874012927e+03 9.966632127761840820e-01
1.329077405630398061e+03 9.951548576354980469e-01
1.329098239092238600e+03 9.967795014381408691e-01
1.329160739482459121e+03 1.001626729965209961e+00
1.329181572947318273e+03 1.002095460891723633e+00
1.329264906811913079e+03 1.008391141891479492e+00
1.329327407212286289e+03 1.005891680717468262e+00
1.329348240678642242e+03 1.006030678749084473e+00
1.329369074144505475e+03 1.004979610443115234e+00
1.329410741074089401e+03 1.004411458969116211e+00
1.329431574537489951e+03 1.002773523330688477e+00
1.329452407999762045e+03 1.003180742263793945e+00
1.329494074920385401e+03 1.002281188964843750e+00
1.329535741835029739e+03 9.993180036544799805e-01
1.329556575289897410e+03 1.002168178558349609e+00
1.329577408743052274e+03 9.981637001037597656e-01
1.329598242194465456e+03 9.981005787849426270e-01
1.329619075644128316e+03 9.960807561874389648e-01
1.329660742538275827e+03 9.959414005279541016e-01
1.329744076307568548e+03 9.936564564704895020e-01
1.329764909746506646e+03 9.934553503990173340e-01
1.329785743184350849e+03 9.958189129829406738e-01
1.329806576621251452e+03 9.968219995498657227e-01
1.329827410057369661e+03 9.971770048141479492e-01
1.329869076927914648e+03 1.001161575317382812e+00
1.329889910362673390e+03 9.989839196205139160e-01
1.329931577231978736e+03 1.006556868553161621e+00
1.330056577848068400e+03 1.005131363868713379e+00
1.330098244725378663e+03 1.005318045616149902e+00
1.330119078165218752e+03 1.002180933952331543e+00
1.330160745047197906e+03 9.997306466102600098e-01
1.330202411931892129e+03 1.000905036926269531e+00
1.330244078818607477e+03 9.992426037788391113e-01
1.330264912262430471e+03 1.000250577926635742e+00
1.330285745706380339e+03 1.000115394592285156e+00
1.330327412594046109e+03 9.989258050918579102e-01
1.330369079480312621e+03 9.961076378822326660e-01
1.330389912922506483e+03 9.953833222389221191e-01
1.330410746363854969e+03 9.943528771400451660e-01
1.330452413243403498e+03 9.940401315689086914e-01
1.330473246681320006e+03 9.944795370101928711e-01
1.330494080117828616e+03 9.957482218742370605e-01
1.330514913552825419e+03 9.983390569686889648e-01
1.330535746986221739e+03 9.972079992294311523e-01
1.330556580417948908e+03 9.972181916236877441e-01
1.330577413847956450e+03 9.992365837097167969e-01
1.330598247276218217e+03 9.988008737564086914e-01
1.330619080702728752e+03 1.002926945686340332e+00
1.330639914127505563e+03 1.001385450363159180e+00
1.330660747550585484e+03 1.002581119537353516e+00
1.330681580972028087e+03 1.002374887466430664e+00
1.330702414391911134e+03 1.004200458526611328e+00
1.330723247810333305e+03 1.005035281181335449e+00
1.330785748058048057e+03 1.003732562065124512e+00
1.330806581471906838e+03 1.002081155776977539e+00
1.330827414885002327e+03 1.001849651336669922e+00
1.330848248297499140e+03 1.003999352455139160e+00
1.330869081709563943e+03 1.000302553176879883e+00
1.330889915121363629e+03 1.002333164215087891e+00
1.330910748533059632e+03 1.007233500480651855e+00
1.330931581944807476e+03 9.979661107063293457e-01
1.330952415356754955e+03 1.000977396965026855e+00
1.330973248769036218e+03 9.991788864135742188e-01
1.330994082181772228e+03 9.994459152221679688e-01
1.331014915595069397e+03 9.981831908226013184e-01
1.331035749009013898e+03 9.972910284996032715e-01
1.331056582423671898e+03 9.937403798103332520e-01
1.331098249255298470e+03 9.924841523170471191e-01
1.331119082672296599e+03 9.952313899993896484e-01
1.331223249767795778e+03 9.952568411827087402e-01
1.331244083188442573e+03 9.946268200874328613e-01
1.331264916609339480e+03 9.971367120742797852e-01
1.331285750030341205e+03 9.965598583221435547e-01
1.331306583451296774e+03 9.979454278945922852e-01
1.331327416872045887e+03 9.970743060111999512e-01
1.331348250292422563e+03 1.000208973884582520e+00
1.331369083712261499e+03 1.000109434127807617e+00
1.331389917131395578e+03 1.004154920578002930e+00
1.331431583966909557e+03 1.003464102745056152e+00
1.331452417382986823e+03 1.000270485877990723e+00
1.331473250797762375e+03 1.003227114677429199e+00
1.331494084211116387e+03 1.004724025726318359e+00
1.331514917622944722e+03 1.001612424850463867e+00
1.331535751033160295e+03 1.001165509223937988e+00
1.331577417848511004e+03 9.987505078315734863e-01
1.331598251253576336e+03 1.000205516815185547e+00
1.331619084656890436e+03 9.978061914443969727e-01
1.332348253441363795e+03 9.990152716636657715e-01
1.332389920234141982e+03 1.000175356864929199e+00
1.332452420416282166e+03 9.949543476104736328e-01
1.332494087198021589e+03 9.928655028343200684e-01
1.332535753973621468e+03 9.913805723190307617e-01
1.332556587358923707e+03 9.925956130027770996e-01
1.332577420742497452e+03 9.886384606361389160e-01
1.332764921120302461e+03 9.997575283050537109e-01
1.332785754488829298e+03 9.990617632865905762e-01
1.332827421223392776e+03 9.993203878402709961e-01
1.332869087955729583e+03 1.001988410949707031e+00
1.332889921321477686e+03 1.001650094985961914e+00
1.332910754687163490e+03 1.002476096153259277e+00
1.332931588052938650e+03 1.002153396606445312e+00
1.332952421418947779e+03 1.005765438079833984e+00
1.332973254785322524e+03 1.000957012176513672e+00
1.332994088152178165e+03 1.001937866210937500e+00
1.333014921519618156e+03 1.002479791641235352e+00
1.333035754887723215e+03 9.995967745780944824e-01
1.333056588256554505e+03 1.004616737365722656e+00
1.333077421626153864e+03 1.002130508422851562e+00
1.333098254996543574e+03 1.001818895339965820e+00
1.333119088367718632e+03 9.969826340675354004e-01
1.333139921739657893e+03 1.002531290054321289e+00
1.333160755112316565e+03 9.973836541175842285e-01
1.333181588485625753e+03 9.979416131973266602e-01
1.333202421859502010e+03 9.963164925575256348e-01
1.333223255233843020e+03 9.952499866485595703e-01
1.333244088608528273e+03 9.936283230781555176e-01
1.333264921983425893e+03 9.938862323760986328e-01
1.333285755358388542e+03 9.913049340248107910e-01
1.333306588733260241e+03 9.941926002502441406e-01
1.333327422107881148e+03 9.916204214096069336e-01
1.333348255482083687e+03 9.952498078346252441e-01
1.333369088855703239e+03 9.967111349105834961e-01
1.333389922228574051e+03 9.957581758499145508e-01
1.333431588971430529e+03 9.959089756011962891e-01
1.333452422341121974e+03 9.989389181137084961e-01
1.333473255709475552e+03 9.999230504035949707e-01
1.333494089076377577e+03 1.000181674957275391e+00
1.333514922441727549e+03 1.002750515937805176e+00
1.333535755805443159e+03 1.002349972724914551e+00
1.333556589167464836e+03 1.002984762191772461e+00
1.333577422527752560e+03 1.003909230232238770e+00
1.333598255886286097e+03 1.003780961036682129e+00
1.333619089243070448e+03 1.001984238624572754e+00
1.333639922598130397e+03 1.001635670661926270e+00
1.333660755951510509e+03 1.000733375549316406e+00
1.333681589303278543e+03 1.002782583236694336e+00
1.333702422653522262e+03 9.994065165519714355e-01
1.333723256002344897e+03 1.002606630325317383e+00
1.333744089349866044e+03 9.993938207626342773e-01
1.333764922696222584e+03 9.995294213294982910e-01
1.333785756041558216e+03 1.001274943351745605e+00
1.333806589386030055e+03 1.000181436538696289e+00
1.333827422729800219e+03 9.968547821044921875e-01
1.333848256073035373e+03 1.002226471900939941e+00
1.333869089415900589e+03 9.976883530616760254e-01
1.333889922758562534e+03 1.001156806945800781e+00
1.333910756101178777e+03 9.960063099861145020e-01
1.333931589443904841e+03 9.987648129463195801e-01
1.333952422786881243e+03 9.940753579139709473e-01
1.333973256130239179e+03 9.964660406112670898e-01
1.333994089474092334e+03 9.922074675559997559e-01
1.334014922818540072e+03 9.960758090019226074e-01
1.334035756163659016e+03 9.913638234138488770e-01
1.334056589509511696e+03 9.947416186332702637e-01
1.334077422856136764e+03 9.940785169601440430e-01
1.334098256203550363e+03 9.940712451934814453e-01
1.334119089551748402e+03 9.945764541625976562e-01
1.334139922900703596e+03 9.966761469841003418e-01
1.334160756250368422e+03 9.967937469482421875e-01
1.334181589600674897e+03 9.990254640579223633e-01
1.334202422951536619e+03 9.986832141876220703e-01
1.334223256302846494e+03 9.989671707153320312e-01
1.334244089654481968e+03 1.000432372093200684e+00
1.334264923006308891e+03 1.001265883445739746e+00
1.334285756358181970e+03 1.005433082580566406e+00
1.334306589709941818e+03 1.001095414161682129e+00
1.334327423061428817e+03 1.005172848701477051e+00
1.334348256412475848e+03 1.004461169242858887e+00
1.334369089762915564e+03 1.004057765007019043e+00
1.334389923112583347e+03 1.001264810562133789e+00
1.334410756461320489e+03 1.002370834350585938e+00
1.334431589808973740e+03 1.002689838409423828e+00
1.334473256500479238e+03 1.000734090805053711e+00
1.334494089844086602e+03 1.002798676490783691e+00
1.334514923186128954e+03 9.993227124214172363e-01
1.334535756526527848e+03 1.001049399375915527e+00
1.334556589865226670e+03 9.991031289100646973e-01
1.334577423202185628e+03 9.992533326148986816e-01
1.334598256537389261e+03 9.991428852081298828e-01
1.334619089870844618e+03 9.962970614433288574e-01
1.334639923202578075e+03 9.977740645408630371e-01
1.334660756532640335e+03 9.966619014739990234e-01
1.334702423188047533e+03 9.971163868904113770e-01
1.334723256513586193e+03 9.934462308883666992e-01
1.334744089837840420e+03 9.919298887252807617e-01
1.334764923160946864e+03 9.935945868492126465e-01
1.334785756483051955e+03 9.932277798652648926e-01
1.334806589804314626e+03 9.962036609649658203e-01
1.334827423124896086e+03 9.968526959419250488e-01
1.334848256444962090e+03 9.962310194969177246e-01
1.334869089764679984e+03 9.971703886985778809e-01
1.334889923084213024e+03 9.990419745445251465e-01
1.334910756403724235e+03 9.988985061645507812e-01
1.335035756327883519e+03 1.004371643066406250e+00
1.335056589650717115e+03 1.006235718727111816e+00
1.335077422974324236e+03 1.005601048469543457e+00
1.335098256298719889e+03 1.006753444671630859e+00
1.335119089623896798e+03 1.006085157394409180e+00
1.335139922949826314e+03 1.005599141120910645e+00
1.335160756276457050e+03 1.002520799636840820e+00
1.335181589603717612e+03 1.001498341560363770e+00
1.335202422931518186e+03 1.002907514572143555e+00
1.335223256259752134e+03 1.002266407012939453e+00
1.335244089588293718e+03 1.002860307693481445e+00
1.335264922917008562e+03 9.996970891952514648e-01
1.335306589574351847e+03 9.988237619400024414e-01
1.335327422902659237e+03 1.001194119453430176e+00
1.335369089557721736e+03 9.997385740280151367e-01
1.335389922884144426e+03 9.977185130119323730e-01
1.335431589533981651e+03 9.957533478736877441e-01
1.335452422857105148e+03 9.968901872634887695e-01
1.335473256178857355e+03 9.947097897529602051e-01
1.335494089499127540e+03 9.939486384391784668e-01
1.335514922817822480e+03 9.933094382286071777e-01
1.335535756134864187e+03 9.966857433319091797e-01
1.335556589450196498e+03 9.948957562446594238e-01
1.335577422763785080e+03 1.001018881797790527e+00
1.335598256075618110e+03 9.990252256393432617e-01
1.335619089385704001e+03 9.989163279533386230e-01
1.335660756000778065e+03 1.000914812088012695e+00
1.335681589305889702e+03 1.003997206687927246e+00
1.335702422609499536e+03 1.005466938018798828e+00
1.335723255911716251e+03 1.004757046699523926e+00
1.335744089212666950e+03 1.008455514907836914e+00
1.335764922512486692e+03 1.010286331176757812e+00
1.335785755811324179e+03 1.011410832405090332e+00
1.335806589109337665e+03 1.008789658546447754e+00
1.335827422406691767e+03 1.005906939506530762e+00
1.335848255703552013e+03 1.002354383468627930e+00
1.335889922296455325e+03 1.006009936332702637e+00
1.335910755592819442e+03 1.004982590675354004e+00
1.335931588889330442e+03 1.002556085586547852e+00
1.335952422186124522e+03 1.003547668457031250e+00
1.335973255483329694e+03 1.004435539245605469e+00
1.335994088781057826e+03 1.004481077194213867e+00
1.336014922079399184e+03 1.000759840011596680e+00
1.336035755378430395e+03 1.004873156547546387e+00
1.336056588678204207e+03 1.002116322517395020e+00
1.336077421978754273e+03 1.000986695289611816e+00
1.336098255280094236e+03 9.991016387939453125e-01
1.336119088582211589e+03 9.977988004684448242e-01
1.336139921885073363e+03 9.991605877876281738e-01
1.336160755188627490e+03 9.963199496269226074e-01
1.336181588492800756e+03 9.952023029327392578e-01
1.336223255102616349e+03 9.957739710807800293e-01
1.336244088408023572e+03 9.954442977905273438e-01
1.336264921713583817e+03 9.989497065544128418e-01
1.336285755019146109e+03 9.963884949684143066e-01
1.336306588324552877e+03 9.982114434242248535e-01
1.336327421629641094e+03 9.985592365264892578e-01
1.336348254934245006e+03 1.004929900169372559e+00
1.336369088238195673e+03 1.002667307853698730e+00
1.336389921541331205e+03 1.004955172538757324e+00
1.336410754843492441e+03 1.004268169403076172e+00
1.336431588144530679e+03 1.003572940826416016e+00
1.336452421444308357e+03 1.006644725799560547e+00
1.336473254742699964e+03 1.007279038429260254e+00
1.336494088039593180e+03 1.005873560905456543e+00
1.336514921334897281e+03 1.006502270698547363e+00
1.336535754628540872e+03 1.009472727775573730e+00
1.336556587920468928e+03 1.004930377006530762e+00
1.336577421210650755e+03 1.005712151527404785e+00
1.336598254499075438e+03 1.004992008209228516e+00
1.336639921070720902e+03 1.004382371902465820e+00
1.336660754354030814e+03 1.002926111221313477e+00
1.336744087472466390e+03 1.000133514404296875e+00
1.336764920748963505e+03 1.001227498054504395e+00
1.336785754024498146e+03 9.994037151336669922e-01
1.336806587299229705e+03 1.002240538597106934e+00
1.336827420573322797e+03 9.981538057327270508e-01
1.336848253846942725e+03 9.970531463623046875e-01
1.336869087120256609e+03 9.960743188858032227e-01
1.336889920393427019e+03 9.948145747184753418e-01
1.336910753666611754e+03 9.961247444152832031e-01
1.336931586939961335e+03 9.928597211837768555e-01
1.336952420213611958e+03 9.965437054634094238e-01
1.336973253487687998e+03 9.944127202033996582e-01
1.336994086762296774e+03 9.971110820770263672e-01
1.337014920037529919e+03 9.982462525367736816e-01
1.337035753313462237e+03 1.000000000000000000e+00
1.337056586590142615e+03 9.978761672973632812e-01
1.337077419867601066e+03 9.993925094604492188e-01
1.337098253145845092e+03 1.002043128013610840e+00
1.337119086424864236e+03 1.001506567001342773e+00
1.337139919704623026e+03 1.004330158233642578e+00
1.337160752985065074e+03 1.004392504692077637e+00
1.337181586266114437e+03 1.004427790641784668e+00
1.337202419547674708e+03 1.003128290176391602e+00
1.337223252829634703e+03 1.005685448646545410e+00
1.337244086111868910e+03 1.003325700759887695e+00
1.337264919394235221e+03 1.004092931747436523e+00
1.337285752676584707e+03 1.002434372901916504e+00
1.337306585958756386e+03 1.000503063201904297e+00
1.337327419240585641e+03 1.001745104789733887e+00
1.337369085802554309e+03 1.002754330635070801e+00
1.337389919082365168e+03 9.998624920845031738e-01
1.337410752361181494e+03 1.001202225685119629e+00
1.337431585638855267e+03 1.002187728881835938e+00
1.337452418915249154e+03 9.995430707931518555e-01
1.337514918735602578e+03 9.979698657989501953e-01
1.337535752005813492e+03 9.966807961463928223e-01
1.337556585274302051e+03 9.960992336273193359e-01
1.337577418541040061e+03 9.952604770660400391e-01
1.337619085069260336e+03 9.925545454025268555e-01
1.337639918330793307e+03 9.927816987037658691e-01
1.337660751590675545e+03 9.922965168952941895e-01
1.337702418105821607e+03 9.959050416946411133e-01
1.337723251361293933e+03 9.969686865806579590e-01
1.337744084615530937e+03 9.975590109825134277e-01
1.337764917868675639e+03 9.977638721466064453e-01
1.337806584372296129e+03 1.000283479690551758e+00
1.337827417623097290e+03 1.001291513442993164e+00
1.337869084123512266e+03 1.003684401512145996e+00
1.337889917373455091e+03 1.003555417060852051e+00
1.337910750623430658e+03 1.004580974578857422e+00
1.337931583873587670e+03 1.004179716110229492e+00
1.337973250374978988e+03 1.004068493843078613e+00
1.337994083626441352e+03 1.004678010940551758e+00
1.338014916878538770e+03 1.002425193786621094e+00
1.338035750131339000e+03 1.003148674964904785e+00
1.338056583384892065e+03 1.001319050788879395e+00
1.338077416639225703e+03 1.003535509109497070e+00
1.338098249894346509e+03 1.001177191734313965e+00
1.338119083150237429e+03 1.001739025115966797e+00
1.338139916406861175e+03 1.002461314201354980e+00
1.338160749664157265e+03 1.001230597496032715e+00
1.338181582922048165e+03 1.001848936080932617e+00
1.338202416180436558e+03 9.981305003166198730e-01
1.338223249439210576e+03 1.002081155776977539e+00
1.338244082698238572e+03 9.980589747428894043e-01
1.338264915957379571e+03 9.972407817840576172e-01
1.338285749216481463e+03 9.950350522994995117e-01
1.338306582475384403e+03 9.968404769897460938e-01
1.338327415733921953e+03 9.950114488601684570e-01
1.338348248991931086e+03 9.960333704948425293e-01
1.338369082249243547e+03 9.960170984268188477e-01
1.338389915505696990e+03 9.917539954185485840e-01
1.338410748761134982e+03 9.964055418968200684e-01
1.338431582015412005e+03 9.966768622398376465e-01
1.338452415268392087e+03 9.995602369308471680e-01
1.338473248519953813e+03 9.962310791015625000e-01
1.338494081769992363e+03 1.000203728675842285e+00
1.338514915018418378e+03 9.988762140274047852e-01
1.339681575920545583e+03 9.941723346710205078e-01
1.339702409130528849e+03 9.904195666313171387e-01
1.339723242339181752e+03 9.896305799484252930e-01
1.339744075546635486e+03 9.870481491088867188e-01
1.339764908753032614e+03 9.869288206100463867e-01
1.339785741958529570e+03 9.876263737678527832e-01
1.339806575163284833e+03 9.870431423187255859e-01
1.339827408367464614e+03 9.874868392944335938e-01
1.339848241571236031e+03 9.876570105552673340e-01
1.339869074774765522e+03 9.902392625808715820e-01
1.339889907978212932e+03 9.887464046478271484e-01
1.339910741181732874e+03 9.906918406486511230e-01
1.339931574385471549e+03 9.922767281532287598e-01
1.339952407589561744e+03 9.925683140754699707e-01
1.339973240794120102e+03 9.963644146919250488e-01
1.339994073999248485e+03 9.949384331703186035e-01
1.340014907205032387e+03 9.980619549751281738e-01
1.340035740411534789e+03 9.972931742668151855e-01
1.340056573618797756e+03 1.000769495964050293e+00
1.340077406826845163e+03 9.986609816551208496e-01
1.340098240035676099e+03 1.001709103584289551e+00
1.340119073245268737e+03 9.981564283370971680e-01
1.340139906455579194e+03 9.998610019683837891e-01
1.340160739666544714e+03 9.991250038146972656e-01
1.340181572878081624e+03 9.971708655357360840e-01
1.340202406090087152e+03 1.000739216804504395e+00
1.340223239302442607e+03 1.000140666961669922e+00
1.340244072515017024e+03 1.001690506935119629e+00
1.340264905727664654e+03 1.000498771667480469e+00
1.340285738940231340e+03 1.002753734588623047e+00
1.340306572152556782e+03 1.000230908393859863e+00
1.340327405364474998e+03 9.999896287918090820e-01
1.340348238575817277e+03 9.980561733245849609e-01
1.340369071786421273e+03 9.988347291946411133e-01
1.340389904996123732e+03 9.961800575256347656e-01
1.340410738204770723e+03 9.968570470809936523e-01
1.340431571412220364e+03 9.954862594604492188e-01
1.340452404618339187e+03 9.950635433197021484e-01
1.340473237823009185e+03 9.935652613639831543e-01
1.340494071026131223e+03 9.926477074623107910e-01
1.340514904227622765e+03 9.939154982566833496e-01
1.340535737427419690e+03 9.952216148376464844e-01
1.340556570625480617e+03 9.931093454360961914e-01
1.340577403821786220e+03 9.959825277328491211e-01
1.340619070209154415e+03 9.968807697296142578e-01
1.340639903400285448e+03 9.990120530128479004e-01
1.340660736589794169e+03 9.977287650108337402e-01
1.340681569777766072e+03 9.978835582733154297e-01
1.340702402964303701e+03 1.001912832260131836e+00
1.340723236149528020e+03 1.004270315170288086e+00
1.340744069333570451e+03 9.994337558746337891e-01
1.340764902516576967e+03 1.004359722137451172e+00
1.340785735698702183e+03 1.006840944290161133e+00
1.340806568880109353e+03 1.008546829223632812e+00
1.340827402060963095e+03 1.006201744079589844e+00
1.340848235241430302e+03 1.006365180015563965e+00
1.340869068421677184e+03 1.004745841026306152e+00
1.340889901601862448e+03 1.005563139915466309e+00
1.340910734782140480e+03 1.006844639778137207e+00
1.340931567962654981e+03 1.006449580192565918e+00
1.340994067506850342e+03 1.004299879074096680e+00
1.341014900689462820e+03 1.004450440406799316e+00
1.341035733872800847e+03 1.003235816955566406e+00
1.341056567056903987e+03 1.003069996833801270e+00
1.341077400241792475e+03 1.002570509910583496e+00
1.341098233427463811e+03 1.001281738281250000e+00
1.341119066613892983e+03 1.000744104385375977e+00
1.341139899801032698e+03 9.997515678405761719e-01
1.341160732988817927e+03 9.990078210830688477e-01
1.341181566177161812e+03 9.961270093917846680e-01
1.341202399365960218e+03 9.981780052185058594e-01
1.341223232555093546e+03 9.949942231178283691e-01
1.341244065744426962e+03 9.968293905258178711e-01
1.341264898933813129e+03 9.980260133743286133e-01
1.341285732123099024e+03 9.980792403221130371e-01
1.341306565312121165e+03 9.995886087417602539e-01
1.341327398500715390e+03 9.978592991828918457e-01
1.341348231688712303e+03 9.978684186935424805e-01
1.341369064875949107e+03 9.993547201156616211e-01
1.341389898062264820e+03 1.003003597259521484e+00
1.341452397614210213e+03 1.005051732063293457e+00
1.341494063975083918e+03 1.005940198898315430e+00
1.341514897153100947e+03 1.007291197776794434e+00
1.341535730329418129e+03 1.008595943450927734e+00
1.341556563503995221e+03 1.005562663078308105e+00
1.341577396676815397e+03 1.007199406623840332e+00
1.341598229847882976e+03 1.004520535469055176e+00
1.341619063017224335e+03 1.006205797195434570e+00
1.341639896184886084e+03 1.004262328147888184e+00
1.341723228840379306e+03 1.004447102546691895e+00
1.341764895160659307e+03 1.003648161888122559e+00
1.341785728319431655e+03 1.003384590148925781e+00
1.341806561477507330e+03 1.003043293952941895e+00
1.341827394635052315e+03 1.002942085266113281e+00
1.341848227792232365e+03 1.003157258033752441e+00
1.341869060949214600e+03 1.000143885612487793e+00
1.341910727263211129e+03 9.978035688400268555e-01
1.341931560420520782e+03 9.960991144180297852e-01
1.341952393578214014e+03 9.960595369338989258e-01
1.341973226736405877e+03 9.948598146438598633e-01
1.341994059895191867e+03 9.969252347946166992e-01
1.342035726214845909e+03 9.956466555595397949e-01
1.342056559375808774e+03 9.993570446968078613e-01
1.342119058863373766e+03 9.998427033424377441e-01
1.342139892027361384e+03 1.001315355300903320e+00
1.342160725191985193e+03 1.002320289611816406e+00
1.342223224688697655e+03 1.006329655647277832e+00
1.342244057854809853e+03 1.007361531257629395e+00
1.342264891020957066e+03 1.004166245460510254e+00
1.342285724186981270e+03 1.004637122154235840e+00
1.342306557352722621e+03 1.006687521934509277e+00
1.342327390518013317e+03 1.010840177536010742e+00
1.342348223682686012e+03 1.003623723983764648e+00
1.342369056846577450e+03 1.003320336341857910e+00
1.342389890009528699e+03 1.002278208732604980e+00
1.342410723171387872e+03 1.000835418701171875e+00
1.342431556332012406e+03 1.001334547996520996e+00
1.342452389491276335e+03 1.000075697898864746e+00
1.342473222649065065e+03 9.991082549095153809e-01
1.342494055805282187e+03 1.001088380813598633e+00
1.342514888959851760e+03 1.001686334609985352e+00
1.342535722112715575e+03 1.001750469207763672e+00
1.342556555263837026e+03 9.974762797355651855e-01
1.342577388413201106e+03 1.000323891639709473e+00
1.342598221560816683e+03 9.958103895187377930e-01
1.342619054706711040e+03 9.969621300697326660e-01
1.342639887850934883e+03 9.965919256210327148e-01
1.342660720993558243e+03 9.968415498733520508e-01
1.342681554134670932e+03 9.952345490455627441e-01
1.342702387274380044e+03 1.009396195411682129e+00
1.342723220412809724e+03 1.001528859138488770e+00
1.342744053550096851e+03 9.971437454223632812e-01
1.342764886686389445e+03 9.971802234649658203e-01
1.342785719821843713e+03 9.981044530868530273e-01
1.342806552956624500e+03 1.000270009040832520e+00
1.342827386090896880e+03 9.983606934547424316e-01
1.342848219224827744e+03 1.000752210617065430e+00
1.342869052358580802e+03 1.002611637115478516e+00
1.342889885492316807e+03 1.000632286071777344e+00
1.342910718626186053e+03 1.002743005752563477e+00
1.342931551760327920e+03 1.003493785858154297e+00
1.342952384894872012e+03 1.000688195228576660e+00
1.342973218029926556e+03 1.004055857658386230e+00
1.342994051165589326e+03 1.004746675491333008e+00
1.343014884301935581e+03 1.003047347068786621e+00
1.343035717439021710e+03 1.000963091850280762e+00
1.343056550576883410e+03 1.002786159515380859e+00
1.343077383715531823e+03 1.001717209815979004e+00
1.343098216854960128e+03 1.002732753753662109e+00
1.343119049995138084e+03 1.002562284469604492e+00
1.343139883136012941e+03 1.004729747772216797e+00
1.343160716277513984e+03 1.001360893249511719e+00
1.343181549419549583e+03 1.003723502159118652e+00
1.343202382562011508e+03 1.002964377403259277e+00
1.343223215704776521e+03 1.000808119773864746e+00
1.343244048847705699e+03 1.002655625343322754e+00
1.343264881990651020e+03 9.995070695877075195e-01
1.343285715133453778e+03 9.971976280212402344e-01
1.343306548275952764e+03 9.965977072715759277e-01
1.343327381417979723e+03 9.962695240974426270e-01
1.343348214559369126e+03 9.937290549278259277e-01
1.343369047699957036e+03 9.947790503501892090e-01
1.343389880839584976e+03 9.977136254310607910e-01
1.343410713978103104e+03 9.948471188545227051e-01
1.343431547115370904e+03 9.945036172866821289e-01
1.343473213385666668e+03 9.964199066162109375e-01
1.343494046518488631e+03 9.968168735504150391e-01
1.343535712779112600e+03 9.987087845802307129e-01
1.343598212156990712e+03 1.003268957138061523e+00
1.343619045279487409e+03 1.006303191184997559e+00
1.343639878400321777e+03 1.004248142242431641e+00
1.343660711519567258e+03 1.006412029266357422e+00
1.343681544637317529e+03 1.003829598426818848e+00
1.343723210868782417e+03 1.003815293312072754e+00
1.343764877095768497e+03 1.003720760345458984e+00
1.343785710207958800e+03 1.004423022270202637e+00
1.343827376430553841e+03 1.004783749580383301e+00
1.343848209541288952e+03 1.003810048103332520e+00
1.343869042651870132e+03 1.001023173332214355e+00
1.343889875762454722e+03 1.001893162727355957e+00
1.343910708873193016e+03 9.999637603759765625e-01
1.343931541984222577e+03 1.000056505203247070e+00
1.343952375095669822e+03 1.000135064125061035e+00
1.343994041320240967e+03 1.000030994415283203e+00
1.344014874433528803e+03 9.977525472640991211e-01
1.344035707547564698e+03 9.976402521133422852e-01
1.344056540662379120e+03 9.957138895988464355e-01
1.344077373777982075e+03 9.959626793861389160e-01
1.344098206894363784e+03 9.939287304878234863e-01
1.344119040011490824e+03 9.957264065742492676e-01
1.344139873129308171e+03 9.949723482131958008e-01
1.344160706247742155e+03 9.932354092597961426e-01
1.344181539366698644e+03 9.957026243209838867e-01
1.344202372486068043e+03 9.953582882881164551e-01
1.344223205605722796e+03 9.983755946159362793e-01
1.344244038725525343e+03 9.975668787956237793e-01
1.344327371203098437e+03 1.002561211585998535e+00
1.344348204321261619e+03 1.004531264305114746e+00
1.344369037438603073e+03 1.003824710845947266e+00
1.344473203007829852e+03 1.006396770477294922e+00
1.344494036117319183e+03 1.004626512527465820e+00
1.344514869225145276e+03 1.004773020744323730e+00
1.344598201639106946e+03 1.003297686576843262e+00
1.344619034738269875e+03 1.004882693290710449e+00
1.344639867835780933e+03 1.004437565803527832e+00
1.344723200211099538e+03 9.996422529220581055e-01
1.344744033301839863e+03 9.989611506462097168e-01
1.344764866391629084e+03 9.983558654785156250e-01
1.344785699480625453e+03 9.982494115829467773e-01
1.344806532568992907e+03 9.955159425735473633e-01
1.344827365656900383e+03 9.962022304534912109e-01
1.344848198744512729e+03 9.944071173667907715e-01
1.344869031831991379e+03 9.960135221481323242e-01
1.344889864919496858e+03 9.951358437538146973e-01
1.344910698007175370e+03 9.969443082809448242e-01
1.344931531095164246e+03 9.957970380783081055e-01
1.344952364183588088e+03 9.960865974426269531e-01
1.344973197272554444e+03 9.992912411689758301e-01
1.344994030362152898e+03 9.970448613166809082e-01
1.345014863452453937e+03 9.992656707763671875e-01
1.345035696543509630e+03 1.000060915946960449e+00
1.345056529635348625e+03 1.000482559204101562e+00
1.345077362727978198e+03 1.002932548522949219e+00
1.345098195821383570e+03 1.005072951316833496e+00
1.345119028915530407e+03 1.003320693969726562e+00
1.345160695105796549e+03 1.004794478416442871e+00
1.345181528201746005e+03 1.001443624496459961e+00
1.345202361298092683e+03 1.005118012428283691e+00
1.345223194394709253e+03 1.002404093742370605e+00
1.345264860588180682e+03 1.002237796783447266e+00
1.345285693684724038e+03 1.003429651260375977e+00
1.345306526780923377e+03 1.000379800796508789e+00
1.345327359876610217e+03 1.001118063926696777e+00
1.345348192971619255e+03 1.002643585205078125e+00
1.345369026065787011e+03 1.001416325569152832e+00
1.345389859158958870e+03 1.001356363296508789e+00
1.345410692250985221e+03 1.002393364906311035e+00
1.345431525341729184e+03 9.992821216583251953e-01
1.345452358431069570e+03 9.975636601448059082e-01
1.345473191518899966e+03 9.973639845848083496e-01
1.345494024605131699e+03 9.971572756767272949e-01
1.345514857689693827e+03 9.945254325866699219e-01
1.345535690772537691e+03 9.952346086502075195e-01
1.345556523853635099e+03 9.929376840591430664e-01
1.345577356932979455e+03 9.918110966682434082e-01
1.345598190010588041e+03 9.932528138160705566e-01
1.345619023086498373e+03 9.951100945472717285e-01
1.345639856160766612e+03 9.955324530601501465e-01
1.345660689233471203e+03 9.971978068351745605e-01
1.345681522304711052e+03 9.958722591400146484e-01
1.345702355374600302e+03 9.994189739227294922e-01
1.345723188443265144e+03 9.984465837478637695e-01
1.345744021510848142e+03 1.001152634620666504e+00
1.345764854577502319e+03 9.996705651283264160e-01
1.345785687643388201e+03 9.996731877326965332e-01
1.345806520708668586e+03 1.006617665290832520e+00
1.345827353773510595e+03 1.004375815391540527e+00
1.345848186838081574e+03 1.002931594848632812e+00
1.345869019902542277e+03 1.003475308418273926e+00
1.345889852967051638e+03 1.003153443336486816e+00
1.345910686031754494e+03 1.004567742347717285e+00
1.345931519096786360e+03 1.004038572311401367e+00
1.345952352162269108e+03 1.001228332519531250e+00
1.345973185228310058e+03 1.003328323364257812e+00
1.345994018294996067e+03 1.001655697822570801e+00
1.346014851362393301e+03 1.000482082366943359e+00
1.346035684430551555e+03 1.000397205352783203e+00
1.346056517499497659e+03 1.001762151718139648e+00
1.346077350569235477e+03 9.990553855895996094e-01
1.346098183639748413e+03 9.988322257995605469e-01
1.346119016710996675e+03 9.988964796066284180e-01
1.346139849782922738e+03 9.973688125610351562e-01
1.346181515928467661e+03 9.938018321990966797e-01
1.346202349001873472e+03 9.962168931961059570e-01
1.346223182075533032e+03 9.915419816970825195e-01
1.346244015149306051e+03 9.946750402450561523e-01
1.346264848223038598e+03 9.921273589134216309e-01
1.346285681296570601e+03 9.913539290428161621e-01
1.346327347442372684e+03 9.949050545692443848e-01
1.346348180514311025e+03 9.944971203804016113e-01
1.346369013585388075e+03 9.954009056091308594e-01
1.346389846655449219e+03 9.962562918663024902e-01
1.346410679724350075e+03 9.968877434730529785e-01
1.346431512791955356e+03 1.000896573066711426e+00
1.346473178922808529e+03 1.001248359680175781e+00
1.346494011985867928e+03 9.997880458831787109e-01
1.346514845047251356e+03 1.001058101654052734e+00
1.346535678106913792e+03 9.993925094604492188e-01
1.346556511164830226e+03 1.001427173614501953e+00
1.346577344220996338e+03 1.002024054527282715e+00
1.346598177275431681e+03 9.995546340942382812e-01
1.346619010328176273e+03 1.000569462776184082e+00
1.346639843379290824e+03 1.000790238380432129e+00
1.346702342523754396e+03 1.002772569656372070e+00
1.346744008613851520e+03 1.002734661102294922e+00
1.346785674700329309e+03 9.965725541114807129e-01
1.346806507742614031e+03 9.991579055786132812e-01
1.346827340784484932e+03 9.965757131576538086e-01
1.346869006867643066e+03 9.936451911926269531e-01
1.346889839909247939e+03 9.935078024864196777e-01
1.346910672951067909e+03 9.953076839447021484e-01
1.346952339035871546e+03 9.916234612464904785e-01
1.346973172079079177e+03 9.911190867424011230e-01
1.346994005122943236e+03 9.906734228134155273e-01
1.347014838167528751e+03 9.920259714126586914e-01
1.347098170353675869e+03 9.933658242225646973e-01
1.347119003402119006e+03 9.946887493133544922e-01
1.347139836451230394e+03 9.958949685096740723e-01
1.347160669500928179e+03 9.951722025871276855e-01
1.347223168652464210e+03 1.000225067138671875e+00
1.347244001703352751e+03 9.995359182357788086e-01
1.347264834754183994e+03 1.000442624092102051e+00
1.347285667804794230e+03 1.003562927246093750e+00
1.347306500855019749e+03 9.996314644813537598e-01
1.347348166953651344e+03 9.996370077133178711e-01
1.347410666094641329e+03 1.006588339805603027e+00
1.347431499139197058e+03 1.003176808357238770e+00
1.347535664338772904e+03 1.000451445579528809e+00
1.347577330406686542e+03 1.001186490058898926e+00
1.347618996467720535e+03 9.952628612518310547e-01
1.347639829495778713e+03 9.975209236145019531e-01
1.347681495547390114e+03 9.963007569313049316e-01
1.347827326694307430e+03 9.971462488174438477e-01
1.347848159713081941e+03 9.964327216148376465e-01
1.347889825750592763e+03 9.992822408676147461e-01
1.347910658769628753e+03 1.003678321838378906e+00
1.347952324808918547e+03 1.003210306167602539e+00
1.347993990850533919e+03 1.004205107688903809e+00
1.348514816459217627e+03 9.983034729957580566e-01
1.349431468543611572e+03 1.009498000144958496e+00
1.349452301540914277e+03 1.005082964897155762e+00
1.349598132475623970e+03 1.006052136421203613e+00
1.349618965459472520e+03 1.002619624137878418e+00
1.349639798441727407e+03 9.996232390403747559e-01
1.349743963332760814e+03 9.984464645385742188e-01
1.349764796307857978e+03 9.952213764190673828e-01
1.349785629282280297e+03 9.971998929977416992e-01
1.349806462256193754e+03 9.964647889137268066e-01
1.349827295229763422e+03 9.946089386940002441e-01
1.349848128203157557e+03 9.946640133857727051e-01
1.349868961176532821e+03 9.931607842445373535e-01
1.349889794150042235e+03 9.942644834518432617e-01
1.349910627123826998e+03 9.919168353080749512e-01
1.349931460098015350e+03 9.927855730056762695e-01
1.349952293072719613e+03 9.950123429298400879e-01
1.349973126048038466e+03 9.939670562744140625e-01
1.349993959024049218e+03 9.981891512870788574e-01
1.350014792000808256e+03 9.979634284973144531e-01
1.350035624978353326e+03 1.000976562500000000e+00
1.350056457956699660e+03 9.997329711914062500e-01
1.350077290935840210e+03 1.002917170524597168e+00
1.350098123915746100e+03 1.003186583518981934e+00
1.350118956896367763e+03 1.001194953918457031e+00
1.350139789877636304e+03 1.003709793090820312e+00
1.350160622859461000e+03 1.002171635627746582e+00
1.350181455841734532e+03 1.004176974296569824e+00
1.350202288824335028e+03 1.003796100616455078e+00
1.350223121807125608e+03 1.003921508789062500e+00
1.350243954789956888e+03 1.006007552146911621e+00
1.350264787772673799e+03 1.004788398742675781e+00
1.350285620755112859e+03 1.004764556884765625e+00
1.350306453737108541e+03 1.004370212554931641e+00
1.350327286718493951e+03 1.002851724624633789e+00
1.350348119699104473e+03 1.002064585685729980e+00
1.350389785657373068e+03 1.000805020332336426e+00
1.350410618634738967e+03 1.002977967262268066e+00
1.350431451610753129e+03 1.002583265304565430e+00
1.350452284585302323e+03 1.002848863601684570e+00
1.350473117558290141e+03 9.992868900299072266e-01
1.350493950529641779e+03 9.995498657226562500e-01
1.350514783499301075e+03 9.980500936508178711e-01
1.350535616467230057e+03 9.982485175132751465e-01
1.350556449433417811e+03 9.967449903488159180e-01
1.350577282397871613e+03 9.958563446998596191e-01
1.350598115360622160e+03 9.981251955032348633e-01
1.350618948321718790e+03 9.941569566726684570e-01
1.350639781281234946e+03 9.982627034187316895e-01
1.350660614239260667e+03 9.968669414520263672e-01
1.350681447195902365e+03 9.952792525291442871e-01
1.350723113105551420e+03 1.000060200691223145e+00
1.350743946058842084e+03 9.974249601364135742e-01
1.350764779011318524e+03 1.000193834304809570e+00
1.350785611963144902e+03 1.003028035163879395e+00
1.350806444914485155e+03 1.001679182052612305e+00
1.350827277865507540e+03 1.004523158073425293e+00
1.350848110816376675e+03 1.003044247627258301e+00
1.350868943767250357e+03 1.004233121871948242e+00
1.350889776718279109e+03 1.006977319717407227e+00
1.350910609669602309e+03 1.005073666572570801e+00
1.350952275573626821e+03 1.003710865974426270e+00
1.350973108526532314e+03 1.006978034973144531e+00
1.351014774434506535e+03 1.002717852592468262e+00
1.351035607389663028e+03 1.004474759101867676e+00
1.351056440345623741e+03 1.007966756820678711e+00
1.351077273302378444e+03 1.005773901939392090e+00
1.351118939218123842e+03 1.005940437316894531e+00
1.351139772176989709e+03 1.002968072891235352e+00
1.351160605136400818e+03 1.004826307296752930e+00
1.351181438096248030e+03 1.000243306159973145e+00
1.351223104016738262e+03 1.000525712966918945e+00
1.351243936977095700e+03 9.990637302398681641e-01
1.351285602897243962e+03 9.972125291824340820e-01
1.351348101773578037e+03 9.968716502189636230e-01
1.351368934730665615e+03 9.983812570571899414e-01
1.351410600641395149e+03 9.987927079200744629e-01
1.351431433594774717e+03 1.001292586326599121e+00
1.351452266546677947e+03 9.987348914146423340e-01
1.351473099497011845e+03 1.000145077705383301e+00
1.351493932445702512e+03 1.000566840171813965e+00
1.351514765392697200e+03 1.006197452545166016e+00
1.351535598337961801e+03 1.004308700561523438e+00
1.351618930101838941e+03 1.002822995185852051e+00
1.351639763038728688e+03 1.006033778190612793e+00
1.351681428908193311e+03 1.005280017852783203e+00
1.351723094772715058e+03 1.003745317459106445e+00
1.351743927703477311e+03 1.004160881042480469e+00
1.351806426491674074e+03 1.003767848014831543e+00
1.351848092348720456e+03 1.004139780998229980e+00
1.351868925277206927e+03 1.000094890594482422e+00
1.351889758205868930e+03 1.001239180564880371e+00
1.351910591134845617e+03 9.997845888137817383e-01
1.351931424064262728e+03 9.994529485702514648e-01
1.351952256994228719e+03 9.975945949554443359e-01
1.351973089924834312e+03 9.958602190017700195e-01
1.351993922856153631e+03 9.993603825569152832e-01
1.352035588721119211e+03 9.966793656349182129e-01
1.352056421654806400e+03 9.972825646400451660e-01
1.352077254589287577e+03 9.947530031204223633e-01
1.352098087524528637e+03 9.958173632621765137e-01
1.352118920460472509e+03 9.954659938812255859e-01
1.352160586334154232e+03 9.971772432327270508e-01
1.352223085147498068e+03 9.982981681823730469e-01
1.352243918085489213e+03 9.999880790710449219e-01
1.352264751023326880e+03 1.000239610671997070e+00
1.352285583960849408e+03 1.001944303512573242e+00
1.352306416897889903e+03 1.000014066696166992e+00
1.352327249834279428e+03 1.005419850349426270e+00
1.352348082769856092e+03 1.001085877418518066e+00
1.352368915704464371e+03 1.001919269561767578e+00
1.352389748637954426e+03 1.003236055374145508e+00
1.352410581570189834e+03 1.005157947540283203e+00
1.352431414501045992e+03 9.990644454956054688e-01
1.352452247430414900e+03 1.002930402755737305e+00
1.352473080358205380e+03 1.001917123794555664e+00
1.352493913284347173e+03 1.002353668212890625e+00
1.352514746208789802e+03 1.003239631652832031e+00
1.352535579131503255e+03 1.002859354019165039e+00
1.352556412052478663e+03 1.000004768371582031e+00
1.352577244971731261e+03 9.983167052268981934e-01
1.352598077889295155e+03 9.988191127777099609e-01
1.352618910805227870e+03 1.000555396080017090e+00
1.352639743719606258e+03 9.988272190093994141e-01
1.352681409544098869e+03 9.959190487861633301e-01
1.352743908272077988e+03 9.936732649803161621e-01
1.352764741179658813e+03 9.953631758689880371e-01
1.352785574086636643e+03 9.938167929649353027e-01
1.352806406993178825e+03 9.936886429786682129e-01
1.352827239899451115e+03 9.949133396148681641e-01
1.352848072805615629e+03 9.965636134147644043e-01
1.352868905711830621e+03 9.959055185317993164e-01
1.352889738618243200e+03 9.975596070289611816e-01
1.352910571524989791e+03 9.995605349540710449e-01
1.352931404432194995e+03 9.994769692420959473e-01
1.352952237339963631e+03 9.999535083770751953e-01
1.352973070248385284e+03 9.994090795516967773e-01
1.352993903157531349e+03 1.001486420631408691e+00
1.353014736067450485e+03 1.001644253730773926e+00
1.353035568978170659e+03 1.004289388656616211e+00
1.353056401889698463e+03 1.003476381301879883e+00
1.353118900628872325e+03 1.002018570899963379e+00
1.353139733543266402e+03 1.003233194351196289e+00
1.353160566458185713e+03 1.003248453140258789e+00
